+33664776748
+33769155317
+33628548976
+33660960706
+33630183510
+33668160125
+33611106894
+33635348775
+33768718604
+33787251966
+33682065813
+33676007979
+33616412333
+33637235239
+33682752189
+33630846336
+33619383306
+33679356233
+33660913316
+33782843868
+33658089532
+33625522867
+33675560279
+33770345427
+33687173054
+33664272596
+33627953910
+33645730327
+33610998399
+33695283094
+33629948028
+33658420978
+33674434978
+33789335389
+33787018449
+33679465624
+33632384525
+33686960582
+33661951993
+33616070681
+33662752670
+33768382517
+33631560876
+33649423043
+33619555754
+33673812462
+33686069579
+33767142648
+33637484969
+33750970455
+33615405005
+33620325916
+33787044955
+33766161515
+33665101953
+33760062224
+33762029210
+33660837737
+33617749450
+33689325427
+33661571114
+33777721451
+33623248505
+33671758809
+33617270951
+33672639277
+33622411806
+33640110386
+33628682881
+33626223564
+33782797394
+33636059625
+33771633278
+33619299450
+33673985043
+33666180288
+33675582554
+33753207338
+33688720147
+33751036265
+33679905361
+33684753114
+33617183997
+33618764924
+33619364060
+33669081063
+33615602487
+33646733447
+33662070850
+33663436468
+33777926048
+33666660830
+33760440781
+33675275035
+33614585632
+33769321414
+33683446528
+33761417687
+33660198606
+33616465036
+33667587159
+33684065768
+33619169257
+33685388520
+33788251207
+33624283901
+33625147185
+33622654946
+33788601039
+33633618001
+33637226902
+33745654352
+33680355675
+33618137223
+33620533695
+33641247938
+33628684666
+33672533548
+33688076410
+33682557858
+33648482074
+33695743060
+33612524127
+33664979082
+33769803211
+33628069451
+33630414017
+33635445532
+33666657543
+33666848123
+33675424687
+33763672536
+33645074224
+33616744687
+33689674910
+33781380880
+33634415865
+33676585869
+33686374418
+33647658533
+33675809744
+33644760441
+33681570536
+33656773891
+33672924208
+33658559430
+33686906767
+33788610955
+33674558884
+33670941128
+33611031372
+33624654063
+33785568017
+33617896670
+33619310868
+33635517966
+33637058840
+33652656591
+33662016805
+33630893361
+33624274981
+33760178004
+33638589133
+33623876679
+33684033644
+33683062723
+33769531255
+33786765246
+33658408900
+33648614563
+33617334564
+33783552134
+33667767813
+33670434731
+33695260929
+33616364685
+33651602170
+33627786396
+33787730245
+33650553549
+33699826428
+33631184881
+33766046358
+33614144038
+33677919094
+33660062052
+33628180119
+33620137000
+33768076642
+33618053851
+33781880245
+33681551529
+33783239195
+33621089681
+33648691145
+33686013979
+33631722870
+33698985422
+33688453981
+33644127595
+33782247787
+33668771763
+33634265627
+33780373860
+33650066509
+33614594733
+33782901054
+33780243086
+33660037328
+33631452646
+33689934950
+33662846179
+33681356115
+33656863062
+33675917886
+33650833924
+33753137527
+33658127802
+33776149093
+33764442802
+33769403433
+33648193734
+33616031368
+33636213985
+33749150863
+33610266935
+33780403569
+33770404496
+33768728529
+33623779382
+33777490855
+33762553929
+33613694500
+33635236835
+33780022911
+33615165231
+33669341053
+33642613118
+33682864051
+33780497323
+33622734603
+33619805246
+33760422976
+33782721881
+33671063052
+33676047528
+33666611479
+33626404260
+33611297507
+33689786056
+33662457104
+33767794734
+33666531555
+33689997488
+33769769760
+33659739642
+33698294427
+33687074737
+33769420821
+33685852065
+33687091468
+33647775263
+33680100220
+33645484943
+33772500905
+33679648415
+33645882151
+33622870844
+33649809803
+33758063891
+33784600378
+33786090554
+33645377768
+33751295689
+33647971359
+33624885678
+33624843865
+33782880373
+33782146250
+33647328277
+33671072419
+33789865598
+33776694607
+33652446142
+33675620431
+33674016068
+33777898604
+33646013582
+33627998930
+33778125813
+33627877522
+33632184779
+33643430834
+33768670695
+33753879347
+33677021306
+33635558099
+33678218575
+33625043494
+33613974039
+33666441519
+33758880731
+33679516526
+33622973920
+33676884372
+33782973516
+33671857635
+33649100004
+33788369980
+33665642480
+33750579030
+33762684592
+33760169609
+33675375224
+33614279626
+33753422914
+33760915335
+33669445420
+33658317067
+33632248620
+33622453208
+33781593404
+33633831555
+33752345091
+33682597882
+33659353221
+33679581899
+33615661193
+33785153057
+33619505148
+33698399736
+33637686230
+33767749592
+33761124219
+33637379767
+33683440420
+33761371612
+33661645349
+33629806163
+33620311528
+33698803527
+33749437599
+33751086468
+33674475353
+33616752891
+33682044101
+33626688766
+33618732496
+33617517544
+33781586971
+33762519337
+33681775409
+33610052553
+33760029031
+33683051800
+33612110501
+33631687930
+33611804736
+33670098135
+33782827201
+33644121887
+33618445444
+33669026302
+33662936036
+33622107007
+33616860817
+33616273025
+33680273310
+33661140566
+33615231997
+33686641863
+33662676329
+33650049793
+33616428252
+33681226300
+33769442439
+33671672541
+33617261547
+33683466498
+33630663501
+33617917092
+33785528551
+33769891749
+33695704664
+33695528306
+33646721710
+33767199918
+33624827504
+33660621766
+33633542055
+33684858125
+33611412214
+33677948960
+33660458941
+33613292495
+33678526167
+33671349755
+33625390058
+33677326222
+33660521937
+33632399242
+33782037919
+33681702846
+33749890890
+33647186392
+33667531660
+33650242527
+33782864210
+33773320819
+33761133974
+33642724521
+33616971208
+33778997124
+33617636511
+33762536613
+33767450770
+33768767485
+33616080102
+33678995668
+33684751620
+33668860923
+33664040867
+33770293314
+33635273701
+33761175390
+33646204265
+33638858445
+33667454088
+33765725317
+33761650594
+33673188584
+33647974122
+33781238498
+33683252979
+33615477465
+33648772895
+33614414449
+33664700977
+33623557749
+33642920944
+33767626036
+33670574496
+33766143555
+33626322957
+33755200489
+33761426264
+33640194642
+33673436822
+33669180927
+33647044608
+33781872580
+33672264525
+33699377350
+33689485075
+33666781970
+33668660964
+33662483699
+33623902269
+33784703006
+33614471614
+33783482376
+33650986211
+33659735571
+33665992807
+33681230565
+33770733873
+33638902147
+33651334760
+33650539110
+33616068183
+33652838083
+33613465400
+33632097741
+33786785801
+33627192082
+33695634566
+33634012494
+33622721185
+33685653518
+33610509213
+33647275866
+33670571859
+33630266528
+33674473577
+33699066302
