+33685449724
+33687913086
+33644183888
+33630508188
+33652840329
+33755112966
+33615035594
+33669050132
+33672537516
+33778210960
+33627688411
+33622092143
+33785207590
+33624504556
+33686595622
+33695663614
+33630393955
+33676445552
+33641515910
+33614195976
+33651547472
+33645601367
+33673169403
+33659228718
+33768435854
+33611611669
+33614069729
+33676549337
+33674954987
+33648163237
+33678887262
+33645516511
+33674035999
+33622901668
+33623813136
+33617305198
+33679523834
+33613474272
+33768159936
+33611965537
+33675832585
+33645309380
+33699897378
+33648165597
+33685870548
+33680952152
+33669236135
+33678472910
+33688325708
+33669955514
+33672305521
+33618700191
+33676234489
+33658823931
+33645845660
+33613918477
+33769063606
+33627321879
+33631812317
+33658704642
+33644892597
+33629262855
+33652555019
+33631605225
+33625109063
+33652116383
+33783017553
+33658861798
+33613309217
+33618273782
+33749312888
+33669344067
+33672310838
+33662963468
+33671052864
+33633113707
+33612903883
+33612594113
+33638739574
+33642624325
+33656711692
+33682183963
+33626074799
+33649596567
+33679155682
+33749463664
+33622097080
+33631630311
+33630641704
+33618040997
+33626864047
+33618086154
+33635284386
+33669118137
+33767246847
+33687951564
+33767488407
+33778817977
+33762044631
+33784387208
+33670381863
+33633778001
+33613392735
+33646744190
+33683441016
+33758508827
+33687725045
+33611202899
+33650601885
+33666376256
+33780280483
+33679687335
+33610547804
+33649286237
+33660816072
+33762154354
+33663811169
+33783575118
+33631722795
+33787738750
+33668441312
+33660459956
+33672841082
+33621320143
+33768774457
+33772666223
+33767699791
+33660782481
+33616365210
+33627124319
+33782111445
+33660729090
+33681772633
+33781675931
+33669660979
+33649730206
+33652796420
+33778788932
+33617409234
+33667752218
+33659809508
+33768336973
+33684431426
+33768037997
+33633185192
+33659694647
+33689022975
+33663076562
+33781925136
+33672168519
+33681203755
+33617809054
+33658851044
+33651929747
+33680505067
+33684024696
+33786069742
+33621821353
+33659326253
+33749132422
+33695918974
+33670291213
+33614699593
+33659869768
+33698984800
+33777303285
+33620949606
+33786023629
+33621120471
+33699563471
+33744175674
+33636200711
+33628474506
+33764234940
+33779497114
+33681372911
+33749505074
+33627448997
+33751513757
+33685913160
+33664346292
+33610573453
+33652444578
+33638671542
+33620643846
+33687730539
+33624388938
+33648297129
+33649115684
+33615520557
+33663264943
+33650447910
+33625054249
+33695902956
+33613335654
+33679812637
+33636365476
+33652949425
+33617780190
+33684973616
+33615303129
+33676702842
+33767548412
+33782971734
+33685335402
+33631665892
+33643646864
+33769648225
+33616068450
+33646689554
+33622126105
+33615383606
+33675182197
+33749276724
+33610291281
+33752804445
+33778058000
+33683315774
+33674652044
+33635411299
+33649627503
+33683927382
+33785516733
+33645815206
+33760096990
+33621521021
+33672512007
+33636415247
+33670221160
+33678902760
+33631404612
+33676235716
+33687370520
+33682926952
+33688342719
+33749121411
+33674389888
+33666255524
+33768200285
+33683028960
+33682020616
+33689465702
+33769090376
+33675268403
+33785613363
+33670519318
+33637817517
+33625661783
+33616459889
+33675396346
+33682282225
+33686535937
+33785237695
+33633207035
+33651377637
+33651885067
+33777600123
+33752025443
+33623126039
+33652039697
+33644066113
+33771039458
+33782314919
+33753317075
+33613053885
+33786895775
+33684922559
+33683665556
+33650324821
+33621153335
+33783323403
+33666171092
+33627225679
+33623752271
+33629997980
+33661004032
+33674058374
+33750042492
+33644972716
+33637535246
+33782321573
+33651953923
+33688237817
+33621770126
+33660168922
+33689524209
+33660499344
+33781248092
+33619560921
+33675760386
+33677352606
+33682061293
+33679716093
+33761949250
+33634954956
+33675433502
+33678356883
+33650210729
+33621892965
+33617645482
+33669573515
+33614957978
+33620777522
+33769052725
+33610890670
+33636102982
+33617754372
+33785691024
+33619375200
+33616682634
+33641415051
+33670293283
+33629738296
+33620887234
+33760651482
+33760916568
+33674502029
+33612509072
+33778326865
+33642036424
+33698837635
+33672806700
+33782953463
+33768712057
+33682793418
+33671691043
+33686069992
+33633149206
+33620261776
+33662007481
+33660265779
+33665589628
+33622982035
+33613630190
+33624172086
+33613580650
+33767424402
+33661019814
+33767134951
+33631679160
+33753906586
+33659144620
+33745545578
+33672565100
+33785949027
+33767585777
+33610872528
+33662453296
+33624001145
+33613990251
+33651672141
+33679643511
+33629206291
+33616722081
+33661787988
+33757473770
+33768279982
+33687476361
+33755774893
+33763319879
+33680372420
+33673148731
+33698287272
+33651673677
+33664470473
+33664418635
+33632758409
+33648820344
+33661446830
+33624017427
+33612247522
+33781401572
+33610928365
+33678488880
+33769352459
+33668087166
+33683963976
+33614784350
+33766115458
+33620530047
+33766049880
+33616434884
+33789986945
+33638720286
+33631404212
+33613286702
+33789538876
+33620591947
+33664362756
+33666094298
+33766452386
+33647562003
+33650146070
+33786060874
+33632563581
+33629479699
+33638543289
+33781898264
+33752633808
+33620014264
+33625359395
+33686894758
+33651572599
+33651691168
+33783111042
+33675911619
+33612831501
+33685683838
+33778522025
+33631525852
+33767557279
+33612215870
+33685671126
+33613150234
+33617816179
+33768735492
+33647182367
+33619772001
+33619803971
+33760277180
+33770099069
+33785984590
+33665092633
+33677578214
+33682014516
+33679124709
+33622483984
+33613574276
+33662179722
+33641870112
+33666132273
+33669493008
+33627400447
+33659100633
+33658020357
+33749143229
+33688249655
+33621240374
+33676886462
+33614761474
+33750292981
+33615268561
+33780464038
+33643929392
+33624189659
+33628011427
+33614331188
+33620049571
+33753632588
+33618298005
+33752827709
+33660763256
+33679179795
+33623455006
+33672366056
+33652659625
+33680263784
+33695782603
+33661938552
+33663160171
+33783353443
+33751156167
+33652382055
+33647796481
+33683021686
+33638112563
+33673572879
+33679711163
+33659551022
+33760880314
+33682676348
+33782678263
+33621307362
+33671249510
+33658133369
+33684675256
+33684542805
+33634148577
+33611827060
+33777826132
+33624523351
+33769125174
+33767774573
+33749070651
+33769597007
+33648313354
+33767106548
+33658023386
+33767606721
+33615327798
+33661693847
+33638957893
+33676076533
+33768790509
+33673059433
+33648641804
+33781317102
+33649173387
+33688133611
+33641449573
+33610013315
+33663387288
+33783484582
+33669056669
+33777690333
+33669996105
+33663139984
+33611503654
+33631003734
+33621464401
+33689682771
+33783053174
+33673986289
+33765822654
+33665368550
+33765190719
+33647364553
+33771324608
+33632694808
+33698315359
+33623381340
+33667980512
+33676871549
+33627661350
+33688329597
+33782916262
+33622529681
+33688385411
+33645172456
+33676599876
+33658654369
+33628139695
+33651790909
+33633796246
+33618420003
+33644754297
+33615669316
+33758376845
+33621901443
+33643829014
+33629472247
+33753455096
+33676621199
+33768070004
+33661708974
+33783339350
+33622970961
+33674192221
+33676820519
+33618952588
+33611956728
+33681160617
+33623874787
+33750419171
+33768093454
+33771718862
+33788301483
+33635510806
+33699231698
+33678866724
+33660786379
+33689986244
+33623612475
+33623169365
+33624778655
+33777327770
+33770010621
+33633121085
+33671019272
+33621014335
+33620380895
+33676711125
+33664311080
+33618983176
+33626149083
+33618438874
+33641961764
+33661553756
+33622585781
+33766806975
+33617716689
+33670284376
+33636432870
+33676210145
+33788305457
+33770017087
+33646721132
+33648741436
+33610424324
+33651518945
+33771060756
+33645990304
+33643038986
+33626896591
+33683306492
+33647182345
+33674107089
+33642104718
+33616060284
+33784122495
+33770947265
+33698802076
+33623773315
+33660143773
+33630592516
+33684317736
+33677971245
+33625875404
+33651094947
+33635548813
+33617424085
+33645291732
+33680204655
+33649543054
+33768495122
+33768547291
+33625831078
+33753746340
+33637816398
+33665436032
+33622111852
+33627756066
+33676978449
+33682480161
+33660451303
+33628051384
+33662440385
+33646802648
+33749546751
+33642796772
+33638366919
+33626532127
+33662311508
+33661408171
+33779432346
+33786142780
+33622431082
+33765520505
+33668162084
+33767034119
+33621322281
+33659319643
+33621485373
+33631369168
+33641073538
+33648820276
+33769624964
+33766771343
+33667477025
+33682489207
+33651052117
+33779125504
+33680981031
+33616380526
+33646258186
+33787177261
+33671230138
+33749616889
+33689036240
+33770031950
+33688636869
+33616349877
+33650543362
+33662447662
+33681686258
+33646385202
+33628253634
+33631209305
+33782978810
+33750679609
+33787577359
+33611698279
+33669430222
+33665461341
+33781506524
+33783335529
+33624102455
+33781090497
+33614417342
+33624118532
+33641212861
+33783809649
+33786392319
+33660429340
+33688202368
+33763110089
+33767034986
+33650650053
+33678161812
+33677771252
+33662403216
+33631333128
+33635493567
+33767536028
+33614373029
+33767466458
+33663459914
+33649695328
+33660594914
+33766473339
+33667703824
+33695538276
+33682136578
+33624691972
+33676895250
+33756884611
+33671456128
+33659924555
+33668326330
+33625432619
+33769697781
+33626162056
+33689108192
+33612197089
+33621223669
+33788409225
+33782320887
+33626503808
+33647974933
+33670793644
+33676336407
+33623738287
+33679325034
+33685467037
+33652004717
+33765630532
+33664301828
+33614288762
+33615735174
+33767084983
+33632952843
+33662992509
+33768250524
+33682388839
+33785211893
+33783102657
+33663161814
+33675661466
+33769903084
+33659576902
+33758036845
+33658320563
+33642748865
+33675255150
+33647080210
+33618404691
+33676881876
+33625733908
+33635715675
+33651299278
+33758477221
+33681413681
+33645241293
+33613563119
+33781963348
+33613634772
+33659016423
+33634315119
+33649609841
+33682396439
+33783410409
+33618416204
+33652531219
+33616801181
+33643007651
+33656691825
+33777041270
+33677463146
+33641196688
+33766051398
+33699607331
+33648702896
+33768933222
+33758268905
+33660722208
+33662617706
+33618444105
+33773193521
+33750410969
+33650721146
+33761291900
+33678650607
+33658106955
+33767415876
+33680903610
+33760895860
+33664763162
+33769473287
+33664379300
+33617309857
+33768250438
+33643357181
+33652313902
+33745141519
+33623891118
+33786069742
+33616597242
+33662106128
+33612461672
+33612957280
+33672031467
+33684788939
+33619363470
+33783240325
+33640413938
+33612520415
+33675157097
+33670428508
+33619425010
+33750467548
+33641371543
+33630469006
+33658718950
+33698723060
+33623849656
+33662524349
+33673843637
+33652375961
+33659757320
+33658267813
+33767319541
+33652367781
+33621171448
+33644011034
+33698945151
+33668198513
+33638255784
+33656862597
+33620414424
+33624555097
+33780432776
+33782313246
+33769407237
+33646668515
+33666137277
+33698837280
+33613638562
+33633333434
+33611951039
+33745719796
+33625431304
+33683552180
+33781672389
+33662094595
+33686253565
+33781041692
+33777882025
+33689053718
+33619816879
+33699705147
+33785585915
+33637239849
+33769674286
+33767413835
+33755055439
+33645209119
+33641463955
+33769004912
+33699080119
+33661730940
+33625717080
+33677898697
+33764710308
+33679791265
+33661845587
+33615983299
+33666920465
+33680705148
+33649261789
+33781919846
+33689075433
+33679805718
+33638610088
+33615227397
+33617735732
+33683025933
+33647144401
+33621200185
+33632031476
+33684432522
+33753337494
+33766719281
+33664939015
+33636027073
+33663579859
+33630553740
+33618971530
+33788148051
+33640932688
+33681637550
+33689882861
+33767057618
+33630856187
+33678898194
+33676068092
+33669234594
+33689555908
+33663330832
+33670630611
+33620365057
+33638693295
+33676234973
+33780862848
+33688106224
+33646407400
+33623522493
+33678676450
+33762897826
+33663871586
+33663678018
+33645369116
+33631406319
+33681575441
+33778905061
+33789525820
+33683065170
+33777944427
+33628334902
+33658946089
+33777052828
+33616404801
+33650031514
+33624697290
+33673019898
+33650059769
+33621835119
+33749962689
+33667944113
+33663978584
+33659040344
+33764102492
+33613590969
+33629313349
+33637023804
+33698967035
+33637520407
+33695579184
+33666470830
+33643496139
+33684562146
+33666756824
+33782320834
+33619511255
+33646404949
+33766726201
+33631871257
+33622381424
+33683078585
+33625883076
+33663595856
+33673318113
+33633481758
+33614443837
+33638012922
+33769674156
+33689033636
+33672282758
+33765255226
+33619475315
+33640305970
+33651907373
+33782172837
+33681857819
+33664875272
+33761516688
+33661461819
+33658229015
+33789433846
+33628274835
+33769647485
+33659983761
+33624343141
+33769629639
+33762211516
+33613387905
+33772012398
+33778214913
+33620491414
+33681120517
+33637414339
+33687077380
+33665243076
+33646026603
+33649670721
+33650046071
+33695245977
+33650562939
+33645701509
+33676827155
+33652962182
+33789835927
+33684226811
+33616200495
+33698864408
+33621284322
+33757431118
+33613853338
+33634307666
+33663129575
+33675845879
+33625286883
+33675107608
+33770474420
+33658335150
+33652462350
+33673577769
+33629525928
+33622395800
+33632034421
+33649541539
+33626890610
+33664836247
+33758694541
+33673730125
+33645593553
+33620782251
+33663342358
+33614298180
+33662846753
+33616583238
+33638381151
+33767515294
+33651102109
+33645831663
+33664375634
+33676783105
+33658949670
+33612394733
+33623196570
+33760403486
+33632505679
+33618016192
+33620337089
+33784673510
+33676798098
+33665916441
+33668465947
+33684846015
+33672268667
+33652541279
+33785714466
+33685626903
+33786117238
+33646211079
+33767296926
+33672883805
+33760837123
+33676191129
+33683762690
+33769508845
+33761900614
+33755675555
+33631418636
+33624360511
+33666524676
+33748427680
+33623983246
+33683188408
+33660151419
+33668862646
+33783563620
+33753161519
+33619320052
+33783443614
+33751051117
+33651505937
+33614779152
+33640901811
+33685671595
+33761268419
+33619328939
+33618664705
+33616019442
+33645690946
+33625773500
+33637274877
+33621687397
+33668271835
+33623732637
+33622871244
+33680376641
+33617711605
+33620763337
+33667481719
+33659729362
+33612164379
+33621780288
+33666100363
+33688318287
+33771672258
+33628931802
+33670462923
+33651527210
+33642807406
+33610406981
+33621605083
+33767204965
+33668917631
+33645778161
+33666936918
+33779328618
+33663789418
+33644805422
+33669906288
+33766849169
+33641290504
+33666317387
+33779224952
+33652194590
+33676247232
+33768178466
+33670646441
+33634872527
+33667044745
+33669488557
+33646736073
+33624500586
+33612936524
+33782804953
+33783867477
+33777338081
+33656781519
+33658978024
+33668494107
+33749826594
+33688712855
+33685468100
+33643935998
+33662198676
+33744757720
+33629624426
+33665403906
+33666643113
+33638632993
+33666022484
+33676694677
+33614166740
+33785244583
+33647872679
+33674570078
+33658407446
+33754031043
+33783258718
+33669626304
+33683741131
+33766779602
+33780340611
+33695552959
+33647694544
+33629185560
+33664622089
+33771712589
+33631940524
+33645940543
+33681614275
+33626151797
+33760450265
+33687265998
+33682737472
+33616295402
+33661765397
+33647168261
+33770921370
+33663921654
+33625711980
+33769709330
+33789585948
+33768833090
+33631040329
+33760291293
+33623311139
+33680930440
+33767904887
+33766393582
+33651787459
+33658808845
+33666856962
+33769613164
+33661383645
+33673038234
+33610036900
+33699807270
+33625726050
+33648383403
+33757469874
+33687644155
+33776073362
+33682551592
+33625693670
+33652322660
+33695138029
+33618656923
+33662817842
+33682415429
+33628764296
+33635956088
+33689039352
+33687143509
+33636990772
+33630675008
+33688335852
+33781865445
+33634320549
+33617311163
+33651774105
+33667105632
+33763212000
+33642472352
+33629617856
+33635910903
+33646064993
+33656682836
+33659008214
+33785939798
+33666109427
+33617240273
+33683531885
+33637579694
+33650382417
+33622090960
+33688992536
+33673046885
+33787003076
+33679891882
+33760008594
+33783186262
+33754362741
+33610763196
+33619774461
+33641918300
+33647161855
+33652558457
+33749969912
+33638327087
+33646044809
+33768313147
+33677189758
+33643610264
+33618191980
+33658106562
+33631518326
+33615149116
+33666974988
+33615603545
+33644352583
+33677087444
+33642975901
+33754388508
+33641022149
+33761855581
+33780384501
+33671506941
+33685308834
+33667279188
+33620212144
+33647632238
+33616214541
+33788260198
+33770065970
+33635503438
+33769308715
+33634506522
+33674442940
+33651745230
+33782858218
+33631438527
+33660037996
+33642870212
+33611368103
+33750218405
+33625203247
+33695327387
+33647533199
+33614248386
+33688055970
+33781251072
+33622291016
+33749939260
+33667073122
+33761428805
+33630756701
+33622808684
+33672785979
+33781687644
+33664038508
+33635290134
+33620666122
+33668231716
+33629432410
+33753112894
+33695766998
+33661793190
+33615960183
+33679479664
+33615714106
+33668658479
+33749346451
+33678490347
+33613430470
+33678779083
+33782080567
+33636201821
+33670650148
+33659440007
+33635584260
+33648454970
+33616284018
+33623943888
+33699755530
+33684198848
+33617511320
+33769681580
+33752155405
+33782541758
+33627041383
+33618811757
+33663771905
+33636269879
+33612950817
+33760530765
+33768012278
+33755272589
+33685708170
+33682588620
+33773275670
+33767390641
+33673836078
+33618867609
+33624337243
+33685882993
+33779296605
+33763304014
+33628325050
+33631896158
+33627899608
+33647965954
+33769627005
+33658936639
+33637037550
+33684343396
+33685615512
+33633433324
+33667742161
+33752414512
+33617900746
+33749495706
+33698125039
+33650747074
+33771272779
+33647047916
+33678733594
+33620117323
+33627941436
+33662738002
+33635396659
+33783482682
+33637739093
+33659770482
+33749220179
+33679961276
+33660655068
+33626471343
+33687908197
+33743017509
+33651834910
+33684217466
+33699359080
+33673354926
+33667299060
+33681466004
+33771622921
+33782449744
+33651972462
+33612503221
+33650214052
+33625122415
+33667448154
+33641531520
+33638828509
+33658404006
+33666624950
+33662700391
+33670240354
+33699721690
+33624151006
+33752450087
+33662991234
+33663320796
+33762178080
+33661347206
+33615544857
+33767660558
+33749929467
+33786548261
+33681504906
+33695544679
+33788622194
+33695040044
+33620207235
+33780655450
+33652640252
+33610177736
+33769307894
+33618254523
+33676203305
+33644983080
+33668407774
+33758270499
+33662339949
+33699355034
+33620745583
+33699441424
+33659463582
+33777978492
+33786744802
+33651844073
+33682501903
+33615292666
+33652241170
+33650994560
+33695332696
+33623268946
+33777982531
+33763174790
+33750035598
+33772136817
+33627471511
+33753397580
+33681261084
+33780302563
+33634459537
+33769342912
+33681175787
+33681025446
+33777606208
+33686638520
+33624044003
+33666770252
+33680667493
+33672472511
+33624425973
+33616392807
+33661398055
+33670768319
+33665534924
+33689948843
+33627877308
+33664146130
+33788873554
+33687459071
+33644040585
+33666897833
+33625312187
+33695073227
+33686172465
+33662115698
+33784300183
+33749878897
+33616652424
+33670817958
+33645791303
+33780591047
+33781621046
+33636192858
+33644152424
+33745464772
+33628097685
+33658289692
+33634467349
+33649007907
+33767845222
+33620342998
+33781921995
+33628458106
+33616924881
+33621510865
+33784172714
+33626777895
+33753507408
+33688685190
+33758624529
+33780841838
+33670300528
+33667430977
+33641973681
+33617782135
+33641609445
+33626305055
+33753519454
+33783551391
+33783630714
+33635293140
+33633500832
+33768608454
+33672209033
+33611713431
+33766830841
+33656777639
+33786275245
+33644098818
+33640383640
+33685468337
+33622814212
+33660255589
+33626360615
+33767679360
+33663471640
+33645039746
+33632428580
+33626914322
+33688019188
+33619284441
+33666293837
+33646423255
+33660856918
+33659075533
+33626698210
+33616578889
+33663739246
+33631198605
+33650454195
+33640840785
+33658237591
+33633049078
+33666590106
+33677666033
+33772227600
+33612687851
+33755314157
+33672303046
+33769874364
+33638584052
+33681990632
+33633149304
+33620483754
+33679686732
+33615246052
+33641993565
+33674475316
+33675089189
+33637745087
+33666393413
+33634900079
+33616175739
+33658826770
+33673048854
+33628254075
+33683030342
+33637385752
+33666629862
+33625590851
+33666887976
+33638530155
+33685423968
+33685635468
+33780521064
+33612608094
+33659321088
+33679576558
+33679870578
+33781809112
+33760420865
+33674950239
+33648184713
+33643489719
+33668296416
+33645269148
+33662055949
+33647221539
+33625150310
+33637273223
+33650009682
+33777369665
+33642857077
+33613248440
+33681909030
+33769462600
+33783881848
+33670897154
+33751220374
+33629968355
+33615575269
+33786046772
+33677341737
+33637101809
+33768112360
+33662400434
+33687476907
+33630393017
+33688478118
+33662141002
+33672325672
+33612735457
+33661675839
+33678968342
+33663225605
+33622343741
+33683913570
+33625107237
+33695029714
+33615935233
+33786439090
+33651131883
+33761465118
+33646984772
+33629881405
+33750818690
+33767503796
+33612889824
+33620974279
+33672254827
+33624464627
+33662175223
+33752150759
+33668102335
+33682098787
+33621444393
+33681440358
+33629242796
+33612433331
+33621661016
+33768166360
+33773845959
+33620943366
+33615634266
+33624762121
+33666126200
+33672664095
+33769193407
+33763953281
+33749370192
+33625329307
+33613972354
+33782413579
+33612574436
+33610568359
+33668685173
+33619416116
+33635299276
+33745437446
+33647644418
+33618002435
+33651218668
+33673670596
+33641976872
+33641132782
+33610485296
+33753062560
+33680597873
+33651264547
+33674377860
+33682726078
+33687776997
+33768789121
+33667568655
+33782527604
+33649927363
+33633419226
+33688526741
+33618870099
+33675032976
+33642106456
+33765270560
+33674019435
+33629071378
+33658269073
+33679300284
+33613677884
+33672841206
+33670404153
+33785686882
+33652716379
+33613075813
+33785583522
+33651416962
+33625097099
+33767528401
+33666244747
+33760164735
+33644127252
+33783380703
+33769618464
+33683185703
+33638824179
+33629272759
+33615484581
+33632401524
+33615457299
+33688327013
+33644773360
+33753538878
+33755353661
+33640193120
+33626291464
+33772290936
+33672261588
+33660882813
+33782997917
+33638181424
+33660549394
+33648258730
+33663556083
+33782021727
+33671067826
+33766621821
+33632069298
+33629615928
+33660746988
+33662409423
+33773804837
+33767870436
+33695010324
+33763449683
+33769916704
+33682815146
+33679761835
+33681027096
+33683043293
+33644062817
+33686596461
+33621939341
+33760077450
+33618301456
+33635168329
+33779250992
+33680166752
+33664454511
+33652780731
+33787699976
+33610257001
+33611192758
+33769243782
+33622828004
+33783966558
+33679442697
+33686583997
+33636400517
+33643161806
+33631926201
+33642178589
+33784516051
+33620541242
+33681939708
+33624126898
+33621329801
+33634194175
+33665354245
+33630626184
+33634360631
+33611217475
+33624661994
+33695415036
+33619997159
+33758777866
+33659789685
+33611357657
+33758275945
+33769953344
+33618396008
+33683103930
+33676529140
+33647936748
+33637706771
+33671795908
+33778635815
+33760365896
+33658560153
+33631781498
+33771621054
+33614700577
+33663247196
+33633515716
+33767995628
+33698254376
+33643938285
+33749544287
+33614373656
+33688578629
+33687231147
+33668011489
+33766679408
+33672849750
+33695363558
+33650859066
+33677476521
+33674823483
+33786866547
+33626831607
+33650531892
+33751367740
+33652984758
+33698523801
+33644241785
+33670119991
+33751179230
+33650621079
+33635344979
+33688266228
+33768068206
+33681207398
+33643577518
+33649623036
+33680206237
+33761700283
+33633699969
+33768341385
+33661825142
+33659441163
+33652590368
+33762455929
+33647737177
+33662587095
+33646638819
+33663441047
+33651436242
+33646351199
+33617567551
+33676290361
+33680841721
+33619451128
+33783017503
+33620884862
+33619671065
+33614146595
+33750408012
+33623908460
+33755743517
+33612931652
+33782162227
+33634361237
+33665061136
+33677776905
+33627226823
+33659708443
+33659437875
+33778723872
+33642269952
+33758281776
+33686132888
+33622998399
+33613350245
+33677436281
+33689648887
+33779487310
+33769373045
+33652736497
+33660150008
+33636162082
+33786556553
+33626804730
+33683249983
+33682367884
+33689629921
+33628091813
+33781657204
+33781376171
+33669217586
+33676833344
+33783389334
+33777998147
+33666455676
+33616238863
+33629584470
+33626429221
+33651999364
+33760894342
+33629431127
+33641908246
+33780807051
+33767412495
+33782070339
+33645374998
+33659108854
+33664363797
+33622013554
+33626745422
+33769961324
+33610462595
+33764158276
+33771108648
+33632306285
+33610638884
+33674291189
+33695420796
+33619193607
+33771234853
+33681175138
+33675478122
+33660114658
+33650182019
+33764441996
+33644987229
+33611417423
+33651370721
+33620148041
+33681443091
+33761146044
+33663441208
+33629211162
+33783894476
+33627050631
+33669149084
+33782131501
+33631988291
+33619671493
+33749946741
+33628417067
+33769114086
+33760572501
+33638736497
+33688188068
+33783197012
+33676566159
+33695543134
+33769225811
+33642112269
+33767323392
+33647926205
+33683538317
+33786293370
+33787063930
+33628495765
+33783083431
+33670728528
+33668724598
+33759061057
+33673060345
+33675904696
+33699881733
+33675424591
+33680078858
+33662420516
+33685479004
+33623436010
+33788428490
+33623127347
+33786432663
+33625853429
+33786202532
+33664012245
+33685719084
+33661820761
+33689540368
+33685758612
+33645046524
+33777910138
+33785608851
+33680523335
+33647441967
+33781244684
+33611771268
+33662416599
+33662499992
+33634571503
+33682968330
+33676573949
+33618757934
+33767064368
+33649306366
+33610333321
+33651646194
+33646241437
+33623870635
+33625755889
+33624655957
+33662141403
+33786184048
+33660646845
+33664893194
+33610044669
+33629073454
+33785722935
+33686980989
+33682405711
+33695820477
+33786181347
+33672218211
+33667644501
+33778950377
+33783767016
+33767803344
+33672799203
+33651814944
+33673166704
+33745079225
+33670864904
+33785534396
+33662822996
+33651562670
+33686762003
+33780529735
+33757510217
+33672405286
+33758095776
+33640178537
+33751042189
+33681351380
+33620814212
+33683818376
+33638684354
+33617987976
+33675402237
+33689692338
+33782205899
+33650548292
+33788026287
+33698013122
+33782892101
+33626659612
+33613805551
+33695143648
+33771231904
+33768328926
+33672100794
+33641508910
+33758454190
+33749287260
+33670383541
+33649828924
+33617719217
+33770100518
+33682168135
+33644867978
+33768517500
+33636059646
+33632137140
+33663410117
+33663535628
+33752482334
+33673040905
+33782978200
+33778390339
+33777002297
+33677232286
+33638275663
+33688536558
+33666270762
+33673496767
+33783098027
+33674860603
+33625908974
+33658928876
+33770295474
+33627860210
+33781572163
+33686731345
+33627293286
+33783314174
+33633576609
+33769738552
+33652170035
+33660406293
+33777728802
+33611435904
+33677690170
+33630688866
+33677328368
+33763551216
+33699301141
+33652936532
+33652801428
+33771648934
+33777754741
+33695428978
+33650021047
+33637000080
+33627807815
+33782588918
+33671521414
+33642552937
+33766619582
+33637745030
+33679990408
+33782203216
+33755684287
+33685101053
+33782151242
+33666463900
+33680611383
+33643657619
+33758878818
+33625426681
+33751578868
+33626518341
+33659004211
+33685986414
+33623391314
+33695936250
+33614016895
+33618642900
+33659699989
+33613117745
+33620328368
+33787304738
+33620376394
+33652530117
+33618216263
+33758633217
+33620730826
+33622798402
+33638153909
+33611654317
+33623988067
+33761010826
+33644143244
+33762616136
+33644102721
+33632471262
+33695161870
+33671632053
+33615271008
+33786489484
+33679342933
+33684532528
+33651349653
+33673502145
+33651505627
+33662918676
+33762880920
+33644187300
+33615511777
+33631566508
+33750376643
+33676362507
+33769370243
+33683271780
+33663088395
+33635565582
+33646261549
+33660966940
+33773215107
+33666583986
+33757572413
+33777083529
+33684174006
+33650086239
+33782531123
+33668190176
+33642295679
+33622982074
+33668679715
+33670557383
+33675842496
+33769101377
+33648002401
+33673583900
+33687131876
+33615850630
+33769194256
+33764204943
+33789849539
+33625090001
+33640356007
+33771031242
+33624442406
+33610179316
+33767756121
+33622251831
+33763708142
+33776607925
+33753617192
+33683743853
+33619915290
+33675803360
+33651721767
+33783162889
+33614276326
+33616398053
+33684186696
+33786767023
+33671005119
+33699386596
+33614852443
+33641919879
+33677330094
+33615029762
+33620004855
+33664161460
+33634698345
+33614635421
+33761978971
+33629825560
+33610886219
+33612533040
+33761754470
+33677502995
+33783055082
+33614851435
+33780339686
+33664256727
+33637815258
+33749478392
+33637029418
+33770421403
+33634561719
+33662800138
+33673529690
+33768683844
+33761540449
+33682207532
+33682867118
+33676736511
+33649630832
+33760491894
+33617438355
+33786506099
+33622560950
+33667991172
+33767644588
+33611271532
+33615370641
+33646794714
+33645841704
+33786083000
+33619666127
+33679634893
+33611293032
+33788247776
+33659552988
+33667805652
+33686755542
+33660140233
+33769796366
+33683367221
+33781307239
+33758325151
+33778670470
+33648565887
+33621868207
+33671085240
+33641887582
+33688942981
+33676778407
+33631731371
+33684028030
+33676339288
+33652467170
+33769807092
+33614265026
+33651381030
+33672860395
+33675790756
+33753476250
+33672788267
+33612700356
+33663638791
+33667076166
+33782941483
+33782051465
+33698431657
+33610314043
+33618883450
+33783242060
+33686787853
+33650800780
+33682541790
+33687493296
+33782323326
+33676081205
+33614284720
+33787910361
+33636411426
+33658937319
+33768225637
+33674451333
+33681679884
+33768377544
+33663052322
+33761257758
+33651699753
+33758766512
+33661555630
+33679837001
+33680651416
+33769319013
+33781350512
+33618143801
+33783457404
+33664105998
+33617946653
+33662560003
+33664432701
+33674926432
+33612367460
+33783896873
+33766125709
+33629840750
+33622361350
+33620229433
+33631360081
+33783710178
+33614841570
+33622751146
+33628494276
+33646516595
+33766060114
+33682051021
+33623440852
+33782873096
+33645686333
+33687166238
+33632236842
+33631414982
+33686501417
+33699012039
+33695546263
+33768820257
+33625807612
+33661665562
+33676474127
+33618027651
+33685415591
+33619640048
+33658828245
+33645238921
+33659818109
+33753244052
+33621275841
+33652139642
+33614263762
+33635413686
+33627887955
+33660263591
+33614725320
+33762971480
+33622682014
+33612589179
+33628922443
+33652650143
+33768285516
+33652956799
+33613497248
+33637172733
+33619251104
+33682433110
+33781105812
+33669951137
+33650357682
+33611116468
+33762191031
+33632782011
+33658220162
+33679392440
+33625837550
+33652698448
+33638260173
+33645771243
+33769695242
+33621529218
+33782844372
+33758596857
+33667301665
+33686712362
+33613877269
+33614427829
+33627034307
+33628012519
+33663392120
+33663382557
+33633025133
+33614771926
+33645557021
+33760890501
+33689197550
+33688473257
+33652367055
+33765758213
+33616206123
+33675202977
+33610670882
+33619588053
+33764623200
+33681649915
+33631801873
+33769987193
+33666794999
+33787806858
+33666544817
+33625407503
+33648388232
+33624975233
+33636677070
+33684400578
+33640877907
+33625535837
+33771611724
+33673042150
+33751147764
+33650441261
+33627391005
+33769802518
+33627309584
+33771055101
+33666801159
+33671894093
+33683225911
+33686993145
+33658858904
+33768151145
+33787239147
+33666353459
+33650537011
+33642400514
+33660923827
+33625828283
+33752073462
+33688153076
+33686008969
+33761489175
+33624677288
+33618123458
+33627242839
+33620141948
+33772153534
+33652940307
+33773211031
+33630943651
+33767666238
+33778814961
+33634739542
+33613637888
+33674336609
+33674863982
+33620662588
+33669774239
+33698734898
+33780168480
+33781331715
+33622978152
+33761713808
+33677194853
+33768251454
+33632608054
+33610834508
+33685083936
+33651166744
+33651647610
+33672258454
+33640597718
+33642003595
+33760531423
+33769915059
+33683783420
+33660691623
+33614140158
+33785179884
+33610688645
+33612065024
+33623092058
+33640505704
+33780348968
+33681711447
+33645439511
+33751381866
+33644292118
+33695505864
+33646271235
+33675276162
+33659954903
+33783205098
+33671024244
+33629545675
+33616871056
+33625959825
+33673782854
+33646585754
+33786103693
+33662084303
+33610749940
+33783581328
+33650831667
+33610391963
+33640093490
+33616707746
+33674468396
+33670746232
+33682651559
+33698158507
+33618904012
+33619339209
+33637653812
+33618017750
+33683077962
+33695505679
+33662212901
+33671329932
+33781330672
+33650713307
+33781963586
+33610231902
+33630952413
+33753936090
+33685315506
+33625013118
+33647567783
+33638563999
+33612314592
+33616043856
+33618700264
+33613108511
+33611776260
+33610021050
+33658707536
+33610963840
+33687554419
+33651101507
+33626636740
+33621691644
+33669177752
+33698377451
+33610897484
+33611012003
+33780375366
+33680205360
+33667967862
+33745092271
+33675152249
+33749283099
+33749693319
+33671633706
+33680879558
+33652368273
+33768103085
+33689297529
+33627601765
+33684991375
+33636994045
+33632246454
+33618533921
+33767657529
+33624705874
+33614646214
+33645116188
+33622677053
+33751236106
+33767940294
+33771672922
+33610011136
+33751226521
+33625553542
+33679992042
+33669720352
+33783591550
+33688076998
+33661879215
+33758306143
+33633654614
+33686784866
+33685655762
+33781177084
+33623200702
+33620732499
+33685876223
+33755171531
+33627742532
+33659661012
+33698011230
+33650737889
+33689820177
+33637237143
+33751343628
+33648755219
+33753485792
+33767419410
+33617298792
+33615038127
+33662635909
+33678381494
+33620224282
+33648956362
+33758376529
+33769373521
+33620333442
+33680543159
+33769171335
+33684438250
+33695425986
+33765743574
+33685576515
+33689483849
+33623801257
+33665261275
+33624512693
+33782628840
+33626144867
+33754550883
+33659913444
+33658447963
+33622441219
+33623902511
+33787533311
+33612389332
+33688274106
+33621010766
+33684755447
+33781896703
+33684476302
+33767245327
+33617386108
+33683310378
+33624533033
+33663537688
+33768240763
+33619329636
+33623077349
+33749245743
+33762527702
+33760176697
+33782278424
+33668571741
+33660886773
+33672769772
+33687411372
+33640236575
+33669404723
+33766539677
+33647681518
+33616234299
+33678059200
+33671934583
+33646748563
+33613571831
+33785045448
+33662336251
+33629878839
+33753612769
+33783241291
+33686132387
+33672587435
+33682134608
+33642893145
+33630164770
+33628405577
+33679574033
+33686388991
+33780466843
+33748166628
+33770954513
+33781275185
+33758107414
+33613765766
+33621699139
+33676342854
+33642830260
+33616950455
+33661225142
+33698202477
+33695053340
+33667548749
+33660666433
+33761785463
+33615552564
+33684341487
+33779198499
+33771830005
+33643944796
+33610781531
+33631783266
+33749032772
+33633169731
+33767894802
+33646450821
+33643363053
+33642116454
+33699107519
+33641021418
+33619784686
+33627324656
+33769863986
+33623280077
+33665480226
+33632348886
+33753806740
+33681191067
+33619094162
+33659862910
+33641146059
+33625842642
+33769201978
+33755355566
+33660659994
+33626568258
+33625744783
+33620486526
+33636954248
+33650818050
+33650656047
+33677159269
+33777339803
+33667830110
+33663823768
+33777305146
+33698899306
+33658836258
+33623403160
+33635553039
+33622782335
+33620990976
+33625484409
+33616505194
+33662459434
+33695903462
+33670636268
+33626442567
+33782828869
+33661149541
+33683267807
+33645435026
+33671061125
+33778377280
+33783396064
+33660070320
+33669362071
+33620345601
+33782840494
+33630486806
+33781661775
+33682326844
+33649121363
+33650146175
+33649622700
+33642180117
+33632088108
+33695895586
+33783031083
+33668576915
+33786976733
+33626363636
+33630065051
+33649467636
+33686023737
+33788122883
+33664053246
+33641105131
+33777399244
+33761237720
+33645460638
+33752583126
+33668052430
+33675330361
+33617891595
+33622582784
+33661216517
+33754442260
+33661557215
+33637016625
+33777440168
+33664167608
+33633686007
+33675036897
+33766081350
+33634685853
+33669151498
+33627603515
+33651924196
+33620076995
+33758306406
+33675905504
+33760069200
+33611938999
+33769709791
+33671326218
+33659771559
+33650793590
+33666601908
+33659824928
+33767326202
+33645904568
+33651337183
+33659820997
+33645961223
+33665422722
+33652807838
+33630871399
+33615770778
+33664126364
+33666018233
+33782927507
+33652103351
+33660081069
+33698637717
+33612483505
+33652521304
+33676008696
+33650036990
+33632746849
+33616042464
+33680031641
+33626470123
+33768491521
+33662964647
+33662319575
+33667384655
+33750576852
+33785772521
+33611348976
+33658440280
+33670382532
+33680718588
+33765508238
+33616804868
+33781779017
+33749291299
+33766800520
+33617790673
+33615517880
+33675084224
+33652504085
+33684784964
+33788453326
+33683321401
+33648245108
+33648753829
+33624795245
+33646351934
+33658961046
+33687152141
+33629202565
+33765621475
+33631602023
+33663013906
+33668891298
+33665529880
+33676295512
+33629203295
+33615715668
+33659599223
+33680300629
+33665428578
+33638503163
+33621887545
+33751274718
+33632389525
+33671317032
+33629190079
+33767307952
+33611079683
+33622732453
+33763455576
+33612890366
+33766637514
+33663222501
+33764430914
+33777953163
+33616502441
+33619101421
+33644231990
+33667601312
+33623081299
+33677672044
+33769340749
+33783321091
+33676991696
+33687622071
+33638717336
+33617016376
+33646740601
+33687376382
+33684452572
+33631766377
+33661774248
+33622808601
+33619661392
+33651605493
+33613598060
+33668569629
+33766702101
+33789041168
+33658032045
+33667196415
+33677168894
+33784083532
+33685549684
+33651338055
+33652525438
+33627465239
+33630680754
+33675915051
+33610597071
+33630709086
+33617613614
+33679382457
+33627895934
+33610860090
+33783110671
+33650054480
+33676746528
+33644766461
+33646479493
+33766184201
+33749036748
+33652887294
+33680950100
+33665021788
+33612061801
+33760569091
+33659533567
+33662348234
+33626653505
+33761102095
+33638129377
+33671242853
+33640783821
+33625678850
+33642592918
+33611313622
+33652845712
+33777849194
+33621124002
+33786298829
+33667067409
+33684381914
+33678017844
+33684753667
+33632152173
+33662584744
+33766616153
+33699228396
+33666658525
+33659781309
+33628184764
+33766533832
+33781549352
+33684483055
+33678758495
+33648352793
+33643272473
+33673221541
+33687335290
+33611092539
+33688309381
+33643739681
+33768859645
+33618045395
+33682407950
+33646365163
+33772097656
+33670854122
+33678706142
+33785571558
+33617066747
+33650338085
+33783616653
+33688084785
+33625738954
+33649839884
+33675022361
+33675715439
+33783152218
+33619795822
+33681307302
+33777443967
+33650490406
+33771208473
+33618747857
+33628644854
+33768476583
+33770940407
+33610758266
+33661854001
+33658458622
+33652518659
+33684628897
+33642575460
+33781296598
+33777327529
+33617364494
+33642856935
+33615158806
+33767948812
+33768628085
+33618799899
+33623055943
+33699675128
+33754532109
+33613646508
+33758690619
+33682710419
+33637980533
+33613910438
+33629557560
+33758684947
+33753638426
+33661044450
+33647311690
+33669694052
+33756947684
+33623530948
+33628548804
+33777812425
+33626683788
+33785163186
+33611959341
+33631905035
+33625099299
+33633518215
+33647958467
+33767905046
+33621825416
+33782833044
+33623427119
+33623803730
+33671873837
+33687750420
+33645675379
+33651650959
+33682329728
+33650160941
+33624977018
+33660394642
+33783965233
+33673132860
+33689256715
+33752246385
+33754151566
+33763403454
+33783474581
+33619696497
+33652600965
+33783867951
+33777407348
+33769086550
+33626612827
+33656720459
+33629119397
+33767736069
+33674746805
+33651883806
+33610921902
+33613685954
+33630175986
+33688598840
+33669322259
+33661070484
+33619037918
+33664968010
+33776176928
+33782854086
+33617431636
+33670265552
+33666671884
+33687611001
+33640114884
+33650527029
+33682705729
+33664247894
+33647456635
+33761023995
+33753075435
+33646016596
+33768223706
+33672010801
+33766728869
+33616481122
+33616592402
+33638933276
+33684042254
+33685074340
+33780605091
+33638995390
+33662726431
+33689550876
+33769819938
+33628611380
+33699082799
+33760660374
+33661198775
+33649021719
+33659601177
+33698501730
+33662302849
+33659754724
+33675195808
+33767791898
+33689740394
+33619098086
+33783782592
+33665156655
+33649777289
+33660247114
+33620387899
+33624557746
+33618477443
+33642928059
+33643334763
+33766530313
+33626882322
+33684757917
+33625853289
+33670436398
+33699207118
+33777922697
+33786434959
+33617731017
+33680931702
+33698603056
+33632675043
+33786421187
+33669964094
+33643877624
+33766051175
+33767193789
+33631047753
+33616213032
+33769690745
+33662196069
+33649129981
+33624475739
+33766029753
+33621176997
+33636812459
+33685217884
+33770622045
+33610705866
+33676955533
+33679071161
+33621734761
+33680605497
+33665153165
+33629225315
+33695976974
+33677562179
+33688906128
+33683355256
+33650579052
+33627097379
+33649829801
+33752049631
+33652723757
+33680655709
+33613187762
+33749422624
+33637094326
+33642376034
+33663383345
+33762234938
+33758019796
+33618161005
+33668079263
+33675025898
+33660620201
+33750128895
+33688807268
+33622631503
+33646398475
+33764061919
+33678538191
+33631613039
+33626383432
+33767425122
+33647717811
+33672572507
+33634273644
+33613666031
+33698120821
+33683185006
+33619219966
+33749084677
+33667710160
+33617804756
+33634495422
+33781223492
+33641360793
+33658531725
+33612603464
+33664494273
+33651560558
+33642869010
+33769145198
+33643471218
+33667190419
+33771065097
+33625825929
+33671212968
+33648744624
+33652404645
+33769212850
+33776907063
+33659290058
+33670505829
+33634102705
+33620103366
+33781782536
+33631649810
+33780211127
+33637966947
+33650558941
+33781271917
+33622805165
+33673733420
+33627365876
+33641979556
+33679711935
+33699322728
+33768617900
+33617549738
+33615886926
+33749587615
+33680861926
+33760339362
+33679038649
+33645392537
+33642582845
+33787913464
+33618660818
+33766368300
+33663987102
+33617600949
+33614718920
+33662136907
+33623080200
+33635518216
+33673097633
+33624612730
+33698765791
+33680591437
+33662339542
+33660126922
+33616438966
+33679838074
+33687867196
+33762362331
+33685215028
+33767869932
+33664233517
+33678923807
+33687777786
+33689230194
+33659152214
+33650974367
+33786099851
+33675787523
+33674640128
+33648026037
+33658188252
+33781874251
+33644200630
+33677158593
+33698495578
+33658433329
+33620084734
+33659685546
+33684090972
+33636471162
+33663694388
+33646596965
+33689443510
+33777267156
+33667469226
+33758775896
+33783926151
+33781545267
+33649576489
+33659179754
+33650921613
+33762555400
+33623943728
+33632827609
+33611944057
+33621650280
+33782427404
+33611598687
+33786092495
+33651466500
+33644821742
+33621864579
+33651097827
+33662122166
+33652014376
+33661457171
+33758056110
+33622645779
+33636496505
+33658653609
+33623724960
+33687152811
+33620100348
+33628785133
+33788608897
+33664577191
+33664091154
+33685922987
+33625376327
+33651113909
+33781249609
+33636242000
+33637470916
+33617112212
+33645290643
+33689868193
+33766201878
+33758529104
+33695134362
+33674864435
+33669920575
+33626459368
+33788811544
+33783243464
+33629209218
+33617563621
+33665206314
+33610384372
+33635115123
+33662116650
+33672588545
+33780685750
+33680510633
+33617488250
+33628664768
+33699075182
+33699655311
+33637600995
+33643031121
+33629640394
+33649767409
+33669372349
+33661654783
+33767503004
+33642389069
+33658305988
+33643737503
+33769355500
+33636957032
+33621025416
+33617509407
+33678095366
+33649447915
+33766031583
+33674401616
+33624107345
+33627417587
+33686999307
+33685210561
+33641414032
+33773416517
+33651220355
+33644118766
+33652710183
+33620361614
+33665230313
+33781146275
+33669732152
+33634167968
+33629117468
+33619943821
+33650456433
+33648605522
+33689750976
+33783650443
+33666657961
+33786087631
+33615615476
+33787704316
+33620065588
+33641158741
+33768199065
+33687455480
+33781467305
+33678545639
+33658425519
+33766744694
+33620957632
+33651530113
+33643850434
+33688866853
+33769245323
+33611511567
+33680982823
+33677593383
+33634118900
+33635310730
+33756856438
+33651004072
+33762786882
+33675399803
+33651890044
+33644327167
+33650578562
+33768436677
+33651463603
+33676891800
+33643069982
+33667338841
+33658636316
+33670891935
+33695065421
+33644866109
+33622048835
+33666608255
+33750040236
+33684791955
+33780589290
+33778646576
+33662202971
+33621296808
+33783799216
+33629649495
+33633549225
+33658725435
+33624332225
+33669323637
+33659012405
+33667654484
+33782884748
+33614246394
+33778288399
+33626623584
+33767429233
+33619040867
+33667987976
+33650513990
+33680272128
+33652845891
+33767154544
+33658637546
+33625985841
+33688230615
+33625826454
+33763561244
+33779994293
+33652716705
+33669995189
+33650931364
+33689619826
+33662038801
+33615101425
+33754010001
+33789707252
+33611902640
+33770072206
+33659425810
+33652698791
+33787273351
+33672716016
+33610394168
+33670679435
+33695291006
+33784967253
+33626131506
+33613602456
+33666634291
+33677591363
+33662461816
+33770615296
+33675821372
+33644914328
+33624417053
+33646758459
+33754525627
+33688439423
+33634647738
+33621270362
+33635181670
+33671837524
+33671844761
+33699489400
+33787294153
+33633462399
+33652803647
+33777499275
+33674529809
+33780055155
+33648485561
+33617080354
+33749159324
+33647656692
+33644101381
+33686689761
+33788081373
+33661531417
+33644941671
+33695698171
+33660810469
+33676852562
+33614940313
+33643358890
+33624754720
+33683737431
+33615446384
+33650128818
+33767615392
+33676431278
+33673677783
+33768851436
+33749672810
+33662582934
+33679872036
+33698245687
+33658007057
+33667647431
+33753079256
+33689157227
+33635553660
+33627439495
+33615423908
+33610751113
+33620490689
+33666403742
+33749852054
+33668166005
+33753339147
+33689564890
+33623540687
+33627864249
+33620490806
+33621468712
+33666867556
+33753296739
+33770129407
+33623777143
+33670085549
+33673498149
+33637057986
+33632466035
+33758913950
+33768114783
+33623914090
+33782716024
+33761306753
+33650135265
+33684949334
+33631419835
+33695231957
+33686615871
+33627028099
+33648318142
+33785183553
+33699442440
+33617121702
+33769030074
+33668324490
+33688875928
+33640122383
+33777766192
+33625828913
+33766658618
+33662321612
+33610807381
+33666533638
+33788982925
+33615142737
+33689991504
+33652846259
+33666842806
+33677801021
+33664636528
+33766284161
+33614404483
+33698445608
+33641490411
+33642404748
+33614846132
+33642777297
+33686792066
+33617784983
+33767095761
+33671474363
+33767594931
+33633524756
+33619480969
+33754373312
+33761788346
+33630215452
+33695891426
+33644309170
+33651061807
+33675721189
+33664488141
+33674469857
+33617138635
+33760002423
+33785831336
+33652047668
+33753200642
+33675097628
+33772300130
+33669656476
+33667882110
+33680574577
+33650719656
+33617297279
+33767215015
+33687491354
+33770008841
+33784863177
+33618104345
+33633476349
+33680556862
+33671148238
+33614818188
+33673718161
+33673074850
+33676321868
+33638805341
+33629962830
+33757879049
+33683360086
+33613052842
+33664245284
+33640148747
+33670242584
+33699700797
+33689982229
+33624892854
+33635715775
+33619926887
+33623342853
+33623505999
+33688311049
+33753902285
+33686944040
+33787930515
+33617094034
+33767503498
+33665184579
+33676443941
+33752138296
+33677629572
+33752495323
+33645284505
+33769603884
+33658145958
+33676094361
+33676182501
+33695133852
+33637213339
+33783969949
+33782532688
+33628769415
+33769571023
+33660176269
+33784359861
+33625604818
+33784972467
+33780962603
+33668731319
+33643693001
+33663063922
+33651838154
+33671741976
+33786575322
+33613067188
+33760068378
+33760123921
+33660072938
+33756831506
+33615099885
+33635774967
+33640150029
+33634139934
+33661999254
+33642547951
+33646602752
+33660316484
+33632022411
+33696890137
+33648037060
+33661104250
+33753937288
+33684053073
+33686821847
+33615276031
+33623216603
+33649304083
+33668038281
+33660752941
+33616052313
+33698476911
+33630324444
+33760395911
+33665460710
+33769807699
+33628613258
+33613191267
+33631971738
+33680451791
+33615787065
+33628019039
+33618675633
+33760312585
+33622331614
+33663208146
+33658119747
+33622818170
+33624251835
+33617208116
+33685906116
+33659429658
+33616129231
+33671523362
+33627625133
+33781640706
+33648261889
+33770316871
+33611498561
+33621151129
+33761062329
+33685717036
+33686636048
+33622372413
+33681103986
+33628326196
+33650113787
+33637123645
+33669920452
+33666166950
+33625370376
+33644794355
+33643570600
+33663175091
+33683767074
+33632396204
+33785510650
+33621038734
+33630897581
+33614997768
+33613893153
+33768432431
+33664762533
+33642445729
+33685595684
+33780266169
+33661611374
+33769756297
+33626972555
+33687302050
+33686378535
+33782681464
+33769859218
+33658711980
+33778207117
+33661928716
+33625645791
+33682710013
+33766624178
+33610543998
+33628540082
+33617706572
+33678949119
+33665298940
+33699850103
+33687371376
+33680020057
+33768413112
+33770117240
+33687542462
+33613343512
+33661985190
+33612800884
+33610337036
+33767914473
+33645878375
+33768841705
+33658125279
+33682323292
+33660817823
+33678411971
+33685566214
+33636067076
+33750969607
+33768564467
+33629877168
+33757570638
+33667409093
+33652958547
+33668140191
+33622844044
+33646064467
+33667871403
+33614087556
+33628544510
+33649923004
+33659039790
+33647008877
+33660992896
+33618969463
+33628680733
+33755917586
+33628662768
+33652509632
+33621338880
+33623850944
+33626241526
+33623332538
+33787496570
+33633532003
+33658854474
+33755601920
+33686987661
+33633339222
+33642256085
+33783034678
+33664738177
+33761564652
+33782270339
+33780476429
+33649273196
+33665283824
+33647067658
+33637695791
+33751169114
+33783505453
+33652608868
+33643146817
+33621934481
+33627186191
+33640942486
+33663681628
+33630851622
+33687616422
+33613871827
+33784657175
+33787136327
+33621803969
+33659351670
+33670072248
+33664221371
+33640177308
+33611274558
+33640116290
+33658265029
+33644963211
+33676625022
+33652503705
+33661739242
+33673398879
+33773527707
+33685637793
+33665231680
+33613898764
+33773369538
+33686670712
+33755773033
+33768959625
+33658846453
+33627794983
+33615211050
+33683548595
+33681852759
+33625143449
+33667021364
+33758386493
+33649279121
+33699703112
+33623491622
+33633275187
+33669143061
+33677857986
+33780156356
+33642001561
+33750665800
+33688588916
+33698901539
+33769225596
+33616561085
+33664200953
+33781574671
+33684113063
+33687803479
+33783312743
+33617032079
+33628420283
+33638880010
+33671290165
+33768962335
+33621537152
+33681614197
+33631442889
+33788481520
+33763747322
+33785752340
+33615293487
+33637523830
+33695203444
+33682116239
+33620286580
+33651121741
+33781318406
+33699617238
+33617226238
+33769154090
+33619438234
+33670478319
+33652674923
+33620816976
+33760412946
+33660822908
+33761177479
+33753398274
+33650712630
+33613162390
+33755103523
+33664983916
+33782901845
+33652933959
+33660994222
+33614419225
+33750386825
+33620496250
+33770167803
+33624547919
+33688560484
+33644897583
+33646033458
+33643490136
+33676132635
+33659660473
+33659591121
+33764555572
+33669983204
+33621313075
+33760563258
+33628550736
+33783646312
+33768802525
+33783788839
+33675549670
+33619275209
+33698607070
+33626557507
+33645331258
+33687028952
+33764854295
+33781131934
+33674576401
+33662805295
+33671395787
+33682105966
+33632087337
+33616270148
+33751415763
+33620763344
+33644926717
+33785690826
+33768498479
+33784725654
+33758921698
+33750992674
+33664621541
+33749160373
+33623242689
+33668701859
+33663395951
+33768330579
+33686947979
+33677125042
+33662554700
+33781372302
+33779021059
+33619544155
+33755368261
+33663014485
+33633939885
+33698428887
+33618305515
+33675155434
+33758899871
+33652549719
+33621930334
+33681588023
+33673403225
+33627715384
+33685127446
+33666045695
+33666337678
+33661920669
+33661570268
+33788972201
+33670781368
+33632753279
+33681987321
+33642195540
+33782377070
+33763917776
+33614942641
+33663235903
+33627414216
+33659885924
+33642837691
+33624160892
+33679354667
+33783827555
+33652342093
+33652091163
+33618459451
+33625767662
+33682952034
+33652537897
+33637449159
+33784637287
+33628785448
+33621252035
+33682827351
+33771179531
+33618516393
+33644063842
+33675338858
+33620903441
+33663609425
+33634031420
+33629135604
+33634482740
+33643041152
+33645751580
+33611754116
+33666673994
+33663906249
+33645266737
+33685108303
+33640371594
+33686985823
+33670606538
+33659819578
+33658221902
+33665952484
+33616525856
+33624108544
+33619148973
+33789005428
+33613887920
+33683414536
+33652791511
+33610488299
+33632813374
+33627800581
+33652723781
+33780392670
+33768170585
+33781135736
+33768459292
+33663524824
+33631260094
+33659249936
+33622690902
+33684831114
+33642421784
+33627267386
+33640328990
+33767165311
+33686029576
+33750632009
+33619604580
+33624848144
+33686869662
+33638798501
+33668335954
+33753091862
+33681713801
+33749595654
+33647081719
+33625618872
+33687209976
+33623712093
+33749366294
+33785956202
+33677395108
+33681298793
+33652832454
+33611112999
+33620182185
+33652208364
+33777393424
+33769742624
+33785625602
+33630140973
+33686475676
+33782513584
+33671900566
+33611389784
+33665006278
+33648835994
+33684037772
+33756803456
+33642494170
+33786512076
+33643645942
+33676837360
+33623600210
+33641928997
+33637924279
+33771865851
+33684870326
+33750968180
+33658528861
+33786926700
+33672966976
+33699057809
+33616516998
+33610132884
+33659641445
+33664334840
+33619782504
+33765633661
+33671762614
+33638641788
+33665093699
+33688727285
+33636162995
+33633943033
+33671929322
+33675253280
+33769350627
+33614250155
+33679396801
+33664188559
+33688238221
+33647594850
+33786912656
+33772314225
+33659898960
+33689167797
+33684989187
+33687360397
+33628159993
+33771839771
+33644243608
+33624402197
+33753509588
+33663750972
+33685267228
+33769670319
+33745588839
+33663024130
+33688696515
+33627827737
+33632742491
+33634691933
+33661961573
+33610371038
+33611845663
+33786265596
+33687980413
+33651543462
+33620794249
+33661568953
+33669596314
+33615535046
+33684378494
+33698405026
+33658376938
+33682806116
+33678819951
+33614670144
+33681659582
+33766637295
+33626413067
+33610610684
+33624665737
+33618388761
+33659239765
+33681190163
+33785216785
+33760756328
+33634106877
+33617936235
+33689993986
+33636513664
+33645534662
+33667235904
+33633538120
+33764073515
+33672618232
+33681961427
+33677419470
+33610346569
+33611557672
+33623723455
+33782006531
+33695131963
+33767438067
+33652394416
+33685475214
+33625908417
+33621071578
+33641682458
+33634105798
+33767535131
+33611973758
+33636159539
+33616389813
+33622537959
+33689477595
+33650132590
+33646307466
+33618996909
+33699017432
+33652767673
+33665611517
+33695556031
+33698307221
+33757553657
+33679876080
+33648154085
+33753405300
+33789275150
+33633423962
+33689182930
+33681048991
+33633910794
+33650741365
+33610784719
+33627019179
+33677111155
+33680210217
+33665190725
+33687033951
+33650111065
+33757630820
+33782896555
+33632948962
+33615955888
+33621650285
+33766463772
+33643901341
+33686650829
+33753014762
+33664925298
+33786261843
+33784924327
+33629555139
+33620268002
+33668123549
+33661098571
+33695717233
+33754388002
+33788516754
+33650671179
+33622436716
+33614163298
+33769911751
+33769416991
+33663379365
+33686633646
+33635482853
+33623607164
+33667092198
+33667856466
+33768487057
+33636065769
+33625182663
+33652356192
+33610497192
+33615125525
+33642436813
+33662041289
+33665905478
+33630676839
+33647260862
+33782263795
+33633711412
+33786421711
+33630770791
+33610357700
+33780450819
+33648071589
+33686001258
