+33677241642
+33620079357
+33769040110
+33782642825
+33644628447
+33786105971
+33680665949
+33682569303
+33633930499
+33671844171
+33771760396
+33668828228
+33683218841
+33619220919
+33769971903
+33663679423
+33786622081
+33674420123
+33612899497
+33647285586
+33686319545
+33677287698
+33643599769
+33652676127
+33626035904
+33622229746
+33658504510
+33658979316
+33781902179
+33787096115
+33624742309
+33766134093
+33624471559
+33669986811
+33686244451
+33634225428
+33625571539
+33749730505
+33676006055
+33762184745
+33659489476
+33634684919
+33688758672
+33641082322
+33621303430
+33615468182
+33770123370
+33626385706
+33771875944
+33644257389
+33786127183
+33642658291
+33646471874
+33610102029
+33681613985
+33684362819
+33659567798
+33636020156
+33613499550
+33667169240
+33667295675
+33619165593
+33677878517
+33676031874
+33769605579
+33637935929
+33615618188
+33688945590
+33760061458
+33781256020
+33784429271
+33650404462
+33663768172
+33679168606
+33698787418
+33628905743
+33647057634
+33684460680
+33682619265
+33782065220
+33619592468
+33776876065
+33658383828
+33769001355
+33613767211
+33658687165
+33670518712
+33769403331
+33668925536
+33632753187
+33611280393
+33649603342
+33614929724
+33618676146
+33782290732
+33660235875
+33633498527
+33695196777
+33670421980
+33645611961
+33629892127
+33618782197
+33633296451
+33623745022
+33777843397
+33642719547
+33670797820
+33675846778
+33637530148
+33648391084
+33646707615
+33625796765
+33761004910
+33768133997
+33630269442
+33638925610
+33685988451
+33620442253
+33664440141
+33676211318
+33624767253
+33664059050
+33670864885
+33627260637
+33771114449
+33670027904
+33768473159
+33630890641
+33614045349
+33768091720
+33614349596
+33623854770
+33635976703
+33761008027
+33624886985
+33658058419
+33788287811
+33680059936
+33781466581
+33688338590
+33695148429
+33767425572
+33760721586
+33614934253
+33695183755
+33645545247
+33618405687
+33682157964
+33681599052
+33623460658
+33699990298
+33644111015
+33660091077
+33762828764
+33644290407
+33698957949
+33670747426
+33768276872
+33675411168
+33685651535
+33619335128
+33782519396
+33614016304
+33677904215
+33789590880
+33674685649
+33769740318
+33675855153
+33749446271
+33751280982
+33634507607
+33629324594
+33750840075
+33686437558
+33632951257
+33780141530
+33619881629
+33661048683
+33623590937
+33788635470
+33680021791
+33611330825
+33617878523
+33698592699
+33761283388
+33769851425
+33671251868
+33773873360
+33678774347
+33617955419
+33626583008
+33683137764
+33637368903
+33681017074
+33651629222
+33675827699
+33616550786
+33664373867
+33621898993
+33684901869
+33618173218
+33686488149
+33614223428
+33625011965
+33771055216
+33769331197
+33622021933
+33680564971
+33782290267
+33650269585
+33620248986
+33771266388
+33754162678
+33672281019
+33684172431
+33780312721
+33635169186
+33633080925
+33781421412
+33610434789
+33619345043
+33673512642
+33678525869
+33688775191
+33640734563
+33647637821
+33611022070
+33618724400
+33627307876
+33784559630
+33646479312
+33624226840
+33630530166
+33676245111
+33667850810
+33680366717
+33613340208
+33642653184
+33648682237
+33751363159
+33664985657
+33756903062
+33650446329
+33646081930
+33686473562
+33622741649
+33626543712
+33684241245
+33620914361
+33615734655
+33676961315
+33644176785
+33619734399
+33671160877
+33618023747
+33647852726
+33618602062
+33621811313
+33675811828
+33626078092
+33649707424
+33622234770
+33649096320
+33680878741
+33781842487
+33651002884
+33666498515
+33663871512
+33676351609
+33755953684
+33610741749
+33610103715
+33789227272
+33659207913
+33678567544
+33788123340
+33682549057
+33621156459
+33637370442
+33786999397
+33677021154
+33610846476
+33632064217
+33626555300
+33612927188
+33611418593
+33648071341
+33625947768
+33692359402
+33781928489
+33659919750
+33642650010
+33618631645
+33781627054
+33662203850
+33622460610
+33681474564
+33684196975
+33681134955
+33616831332
+33649753813
+33678712268
+33658135776
+33628328512
+33635353446
+33611632813
+33635411047
+33652274746
+33672436006
+33767228541
+33777970288
+33623302253
+33745384804
+33616485344
+33767177894
+33659932241
+33680930853
+33660929298
+33635448029
+33615371265
+33660413218
+33622506798
+33656872639
+33769697890
+33645732280
+33749277151
+33647186385
+33624402675
+33618406680
+33671601460
+33783834408
+33612636356
+33675043826
+33612777056
+33673662932
+33638178845
+33673661107
+33647825921
+33695963021
+33671938594
+33687513038
+33633522278
+33613720766
+33662801224
+33610934997
+33631906155
+33769107301
+33650801451
+33618536138
+33695819944
+33620434337
+33771100934
+33772181557
+33650647319
+33645121432
+33788287465
+33629085200
+33767762699
+33664191734
+33643213272
+33625912632
+33619306243
+33680416935
+33651441775
+33612476868
+33675437483
+33618001295
+33650891896
+33672876989
+33624755257
+33659399325
+33615502824
+33783478542
+33633840469
+33651798967
+33652936586
+33762007949
+33643411618
+33644333842
+33679103448
+33616952291
+33780481613
+33658351283
+33768312557
+33681227118
+33784669078
+33632955067
+33651287524
+33678062596
+33645683532
+33635247146
+33699240888
+33754210035
+33766588703
+33663857569
+33681979860
+33614756322
+33659748873
+33649525396
+33672976799
+33685578809
+33618792376
+33628255601
+33680311619
+33615821765
+33663136675
+33616255825
+33627695814
+33673501835
+33650861576
+33643851879
+33624835653
+33770610582
+33615030696
+33682481413
+33638770113
+33625145979
+33630081440
+33615793023
+33778326005
+33616941810
+33681492321
+33675844049
+33686236787
+33687400548
+33683591493
+33762055567
+33684246941
+33625145810
+33776149783
+33668075246
+33761330328
+33786303670
+33769962215
+33613558986
+33751168865
+33679240374
+33672270395
+33787923199
+33677402815
+33666480504
+33674479028
+33640938743
+33769459438
+33783481942
+33781710572
+33645216538
+33672426233
+33648887152
+33679389819
+33664911949
+33652020583
+33659279121
+33615394654
+33684035120
+33652951464
+33698132945
+33671288368
+33619720426
+33778558769
+33672804809
+33749298640
+33744577712
+33618301281
+33647452368
+33767218599
+33646128293
+33628358397
+33668672768
+33769626953
+33633300440
+33620646718
+33645540368
+33668241750
+33673802051
+33664570823
+33632161495
+33749697613
+33633526027
+33752528252
+33661715062
+33778420243
+33767336945
+33778704793
+33650479321
+33786157594
+33666082296
+33778141856
+33643745859
+33633676229
+33781170866
+33616279797
+33613813940
+33688091810
+33619913236
+33644856226
+33681115398
+33766624861
+33766711099
+33626470703
+33620322271
+33686949341
+33644984965
+33681862903
+33666753266
+33685641672
+33758879596
+33648274214
+33618989069
+33750123162
+33623692874
+33670926133
+33613085973
+33627928214
+33667392691
+33767912355
+33622540479
+33781237900
+33689453193
+33671467400
+33781924871
+33660088664
+33646272660
+33745036975
+33629444910
+33641087039
+33663319576
+33699727119
+33673240386
+33660373124
+33778511849
+33619291973
+33749661613
+33613755673
+33613275988
+33748441967
+33621913584
+33633288386
+33623121363
+33762608457
+33681361993
+33682245344
+33646435872
+33784570812
+33688831627
+33626971113
+33647392836
+33652223723
+33649350956
+33668717841
+33637561035
+33611931625
+33664208354
+33768068712
+33749500124
+33660535019
+33678357433
+33628829136
+33610334017
+33631930309
+33613213855
+33763726913
+33622384086
+33651219349
+33781591200
+33610394851
+33627425678
+33668340439
+33633397742
+33611156085
+33619125900
+33626074383
+33751822022
+33769358844
+33687185008
+33783093523
+33676038479
+33613141150
+33611101780
+33671499266
+33634010554
+33782659309
+33777806717
+33642069544
+33662917403
+33641112999
+33745361860
+33695584111
+33629261745
+33619615680
+33661508385
+33679741806
+33695274514
+33620232488
+33635212405
+33760494699
+33674050670
+33684672861
+33749779246
+33629230377
+33662689705
+33674703153
+33665298731
+33617980115
+33667292526
+33675652918
+33778552352
+33658483003
+33783063933
+33621883804
+33689243109
+33663815022
+33656741583
+33682107486
+33786430283
+33753384020
+33758444215
+33753314858
+33660211383
+33658450325
+33662515618
+33695483548
+33676435960
+33769455831
+33783900890
+33698844938
+33681283381
+33786676507
+33623832188
+33751154110
+33646278168
+33621658773
+33660189003
+33646244335
+33781204491
+33789291365
+33618835763
+33688711029
+33771630092
+33788624261
+33614579397
+33670080258
+33683816531
+33699815109
+33616980613
+33640461800
+33632601475
+33686337853
+33626223190
+33767219427
+33770682773
+33648227458
+33698959660
+33613637082
+33752056578
+33637973938
+33650598218
+33665692079
+33629496090
+33622133153
+33758221712
+33668014364
+33663419837
+33650603589
+33626487346
+33614897353
+33665644567
+33782438482
+33769083842
+33635241181
+33749150163
+33660816617
+33786607615
+33668140448
+33673383562
+33612741531
+33673336629
+33689737381
+33636059760
+33631176247
+33667079314
+33687191722
+33644969049
+33781370555
+33621340045
+33750012708
+33640247840
+33769981515
+33783758920
+33652751257
+33661392550
+33753197252
+33685511074
+33629874297
+33668636871
+33621570465
+33678817133
+33682078601
+33612159700
+33634282899
+33619087293
+33621003480
+33758205255
+33782702385
+33667991654
+33695786849
+33610258656
+33637944567
+33634370115
+33631116434
+33749050683
+33789581518
+33781451823
+33646692315
+33645980859
+33767496685
+33623653645
+33745089710
+33672487497
+33782574375
+33699528204
+33617428568
+33625083413
+33672743648
+33647241497
+33651533307
+33758910222
+33769848684
+33785505928
+33698353981
+33623815458
+33617843002
+33660196226
+33632831638
+33612560786
+33677419369
+33619233975
+33667859066
+33641039972
+33749722296
+33617971739
+33750063105
+33661015853
+33768403590
+33686999115
+33626871855
+33770018980
+33614012043
+33684794146
+33783506764
+33623188683
+33688977821
+33761363657
+33620219301
+33787417487
+33631027474
+33659644715
+33675270149
+33683484368
+33689168674
+33663951618
+33755891415
+33647929591
+33661150700
+33650379475
+33631658714
+33751353656
+33662570230
+33647797774
+33621892119
+33644810702
+33768052341
+33770285808
+33677413126
+33615382649
+33787484475
+33783358105
+33755304199
+33679953341
+33621440930
+33617260518
+33660052469
+33649000456
+33664323490
+33658335629
+33767533881
+33758058840
+33640832237
+33689078996
+33672653233
+33779592179
+33668812552
+33758505862
+33638808265
+33658278382
+33755347970
+33647933197
+33627872271
+33782871292
+33633393864
+33784825132
+33616113037
+33651915828
+33623894700
+33625170242
+33674234176
+33644095224
+33643480856
+33625167550
+33681364407
+33652742221
+33635440103
+33644070120
+33633887019
+33617133811
+33658949236
+33678889072
+33647983076
+33687144747
+33617698164
+33671748480
+33629225617
+33782962975
+33673155315
+33677107863
+33680871510
+33767016619
+33630003542
+33781351111
+33629648452
+33610240002
+33688766667
+33686628974
+33669908543
+33659201042
+33673290561
+33771875656
+33624960888
+33663252796
+33658095938
+33760812959
+33676824297
+33686958904
+33695103765
+33613571100
+33643526357
+33640103569
+33675997414
+33659111147
+33695054449
+33660181924
+33646321043
+33615203125
+33621503141
+33762466862
+33613626409
+33784399623
+33683823667
+33610686129
+33623915780
+33668596528
+33699677040
+33619770457
+33663840225
+33622663661
+33770794802
+33643840366
+33668091957
+33781645443
+33758092892
+33630052550
+33610974540
+33640951041
+33638248862
+33621558732
+33635920367
+33676838192
+33674645106
+33619839384
+33641934510
+33629573919
+33664563244
+33683259348
+33661091300
+33645006119
+33683715667
+33619963921
+33682386262
+33652766677
+33679918676
+33610643860
+33749761797
+33774411979
+33749424082
+33684164391
+33661466610
+33640421907
+33644038481
+33661200886
+33771858641
+33663874491
+33695209917
+33687732732
+33647914892
+33650710318
+33662059538
+33659365752
+33768981635
+33782774301
+33787036921
+33689509040
+33672634560
+33675267830
+33633800995
+33624728838
+33637363872
+33787425745
+33664281578
+33641013356
+33663701542
+33611552159
+33658120847
+33620044599
+33616283380
+33758253774
+33661968281
+33768707376
+33644983788
+33624926917
+33672518654
+33626301965
+33761945257
+33641057509
+33749259112
+33768560105
+33778827707
+33666298846
+33768078329
+33642228288
+33781165794
+33626111304
+33642175278
+33658852435
+33684869452
+33755890136
+33675995360
+33753444102
+33778463354
+33687689842
+33619456557
+33781181981
+33647067359
+33689441547
+33658494804
+33640280089
+33667113784
+33676769159
+33749199262
+33745397588
+33615725304
+33783834259
+33675185810
+33769591397
+33671330231
+33664421954
+33760773658
+33677705834
+33643359013
+33669355447
+33652678154
+33664375543
+33755745217
+33626454688
+33610356836
+33788294743
+33675206522
+33635190225
+33661266724
+33783009467
+33629227454
+33769310396
+33671692417
+33769011966
+33652936841
+33682519030
+33673459371
+33631487374
+33646893829
+33670351938
+33615613478
+33612573945
+33777341357
+33662039108
+33667233555
+33617650633
+33619726624
+33766132622
+33611836360
+33652248999
+33770114285
+33660745155
+33658290461
+33615204696
+33659443910
+33695485826
+33635461580
+33674546039
+33637411216
+33638748264
+33674715989
+33658478431
+33749814640
+33645089282
+33640972448
+33771694409
+33646587888
+33658862476
+33628595980
+33633312773
+33678144598
+33659015826
+33652399705
+33625296399
+33679920390
+33626191282
+33643082072
+33662023500
+33630603843
+33768080427
+33678679742
+33629911120
+33611803009
+33652342957
+33777002367
+33686936304
+33663482207
+33782141740
+33665499373
+33650125932
+33687430884
+33766629638
+33750831013
+33617466617
+33645748362
+33634998876
+33689816565
+33777891846
+33681975509
+33783877969
+33659541089
+33630558545
+33767033564
+33783006420
+33784612868
+33769357269
+33647315970
+33679064958
+33617807222
+33618041772
+33762477795
+33633514125
+33698205731
+33665254793
+33766052144
+33749792269
+33765264383
+33633216250
+33646278903
+33686981422
+33670246118
+33622452141
+33634126534
+33625092650
+33610140668
+33687327894
+33631805446
+33646273680
+33658224181
+33624616587
+33683695131
+33682567893
+33783045183
+33629135786
+33650130824
+33689837610
+33625580767
+33618386413
+33661422164
+33695222484
+33635028433
+33648582724
+33618130389
+33695049079
+33685866865
+33664316342
+33774120321
+33652377733
+33630488124
+33649936301
+33645109743
+33687931638
+33658362506
+33613885737
+33656781347
+33628472852
+33625449921
+33641316839
+33784721829
+33695331258
+33695030507
+33672554569
+33648698989
+33617854201
+33676922512
+33761439944
+33637933690
+33698406089
+33659316751
+33688696041
+33667690145
+33687592426
+33765253790
+33629284328
+33665605638
+33647192348
+33632412218
+33631952992
+33768554425
+33648593185
+33688657571
+33782361505
+33749199582
+33656842780
+33764486156
+33618602881
+33760886577
+33769144617
+33663798990
+33619764768
+33778161088
+33622693895
+33683484064
+33631075407
+33652033983
+33624343094
+33645181013
+33782301657
+33619784278
+33679038743
+33673290384
+33774467406
+33667512038
+33688774603
+33665145753
+33631005771
+33749051761
+33769381814
+33633860028
+33683230954
+33695187768
+33662222745
+33613320080
+33681956480
+33763639163
+33788735393
+33668223365
+33681989576
+33679604528
+33698314326
+33617590597
+33615181316
+33788329714
+33651407467
+33677639632
+33662621678
+33687572934
+33618238736
+33782684014
+33784543508
+33689800211
+33663183282
+33673319464
+33616260421
+33640639367
+33637922550
+33668503208
+33618133995
+33672331472
+33650966156
+33637077304
+33663792436
+33648423012
+33749761913
+33698498783
+33783391373
+33781465995
+33666225422
+33623263114
+33787456971
+33776576609
+33638038925
+33633223028
+33680427483
+33676051681
+33783702953
+33667863464
+33618161647
+33624279627
+33672334835
+33786497278
+33659453748
+33613097583
+33628694513
+33788533873
+33615422473
+33751497257
+33659753325
+33758534230
+33632024419
+33617528533
+33671506871
+33611540592
+33616179698
+33685504927
+33652224239
+33650790897
+33617377020
+33771147176
+33620148848
+33783320967
+33636103819
+33683435621
+33680773993
+33680607278
+33682648324
+33669968420
+33762779115
+33766807250
+33648349416
+33751405038
+33771621265
+33784283867
+33631602455
+33650068432
+33678006818
+33619337347
+33781248753
+33680458671
+33664994520
+33660755235
+33646491150
+33767822057
+33616140790
+33658860108
+33616156351
+33767802555
+33667886358
+33626931588
+33685536358
+33641594325
+33760850197
+33682433937
+33640740673
+33764206085
+33785124595
+33642008716
+33663305491
+33659069228
+33682868036
+33782952231
+33620251849
+33678803777
+33650772707
+33663557188
+33768251116
+33685935378
+33675023799
+33624423000
+33610291216
+33656709485
+33616231501
+33617660699
+33661923944
+33671302988
+33656763715
+33782775317
+33656867116
+33681024773
+33650097216
+33652532876
+33635045708
+33629905848
+33624183612
+33683547555
+33783300789
+33671314528
+33631343371
+33769684089
+33778663384
+33681747502
+33629641583
+33644385755
+33618602016
+33652862511
+33674758720
+33624842035
+33689101117
+33780559795
+33687437970
+33664944485
+33664520440
+33665386396
+33782948319
+33782454314
+33652095975
+33753929253
+33650375967
+33622975476
+33616130335
+33658416133
+33633035224
+33786846017
+33687145614
+33674194104
+33622619117
+33633027639
+33651362695
+33610216505
+33642247822
+33782497345
+33658154175
+33671959262
+33782862219
+33762535610
+33695602418
+33666017083
+33611313578
+33671260316
+33658136921
+33630221512
+33688227851
+33781991932
+33684961756
+33758082844
+33758429167
+33662624070
+33753166402
+33673254826
+33668605596
+33766458750
+33621597951
+33663265980
+33666444045
+33661481190
+33788246381
+33617404789
+33674529820
+33688856732
+33758364674
+33788559040
+33699391886
+33767890925
+33662797768
+33621524275
+33684990068
+33635527189
+33650337187
+33650016511
+33686776939
+33660581715
+33647854808
+33627201236
+33782451061
+33695890550
+33663346127
+33669696513
+33646981174
+33685039611
+33666996246
+33762920379
+33623779977
+33631994805
+33680435218
+33613429454
+33745397400
+33618318711
+33666023248
+33661066249
+33651309257
+33760964852
+33650462265
+33660112471
+33636090390
+33677069210
+33629720899
+33684623177
+33618114195
+33613731399
+33660072101
+33613631417
+33781242839
+33650153814
+33686650772
+33786638031
+33783093370
+33613472140
+33682480306
+33678660677
+33623718803
+33610310405
+33659827554
+33661953669
+33667645641
+33680705644
+33673607095
+33648851727
+33652228487
+33619044314
+33665172779
+33764830151
+33751294394
+33642775215
+33676117524
+33767759042
+33752048817
+33664667975
+33674018326
+33680454560
+33672621524
+33628664193
+33651672538
+33628968057
+33669326750
+33658632734
+33644796947
+33666991372
+33670680914
+33677455211
+33782342773
+33680727538
+33675399422
+33695787800
+33641494161
+33618438029
+33610969971
+33777259532
+33758786326
+33658819265
+33688542987
+33668516332
+33665439783
+33780258190
+33695714964
+33663978642
+33675056092
+33636778960
+33668509810
+33673750577
+33671061790
+33665595414
+33621738830
+33749442715
+33613015013
+33686210361
+33782533327
+33650259889
+33749844652
+33651044445
+33758537576
+33770106342
+33631821384
+33769197447
+33671598789
+33662020268
+33646461055
+33636161881
+33745539127
+33670187038
+33632545341
+33672786654
+33613587468
+33751605283
+33659001021
+33753350741
+33618586500
+33663713427
+33662746231
+33750889035
+33698770628
+33783479643
+33783239515
+33687223245
+33769340103
+33788229640
+33767429442
+33659705954
+33769917909
+33625327289
+33783817609
+33610962372
+33628831568
+33674149548
+33745102458
+33664977997
+33611514789
+33689566285
+33647261786
+33787221193
+33635268058
+33611188026
+33634065303
+33687427004
+33659320366
+33636184259
+33664802786
+33626828298
+33627591088
+33626253956
+33645404453
+33678042042
+33623438246
+33646512421
+33664741372
+33651592184
+33764215548
+33659455351
+33642702573
+33679726456
+33783938805
+33669503907
+33640496798
+33761305798
+33630114333
+33673192162
+33634671985
+33678074738
+33619583242
+33665761301
+33689328763
+33749298772
+33671163797
+33678973642
+33610142122
+33698763177
+33613854624
+33671252144
+33667968654
+33633797602
+33634087196
+33611574609
+33768514415
+33771373876
+33618349865
+33628252419
+33660437775
+33766171608
+33640124433
+33677200184
+33688843900
+33782067371
+33651353945
+33687112003
+33631319783
+33665910125
+33661506490
+33668663434
+33637847960
+33619337150
+33663095287
+33695160267
+33772433595
+33778898704
+33658618338
+33673269323
+33667847357
+33755684690
+33638597876
+33789398096
+33629534332
+33623656129
+33630918087
+33684888353
+33610273022
+33684518165
+33659662271
+33647276208
+33661999884
+33688576552
+33630347930
+33688297139
+33751525764
+33781898748
+33761419651
+33621238885
+33618948965
+33672001839
+33632221186
+33762539690
+33614678578
+33632378020
+33664502517
+33695505967
+33619868486
+33783300320
+33634421606
+33678840208
+33614059082
+33664397659
+33767962072
+33652014714
+33638900909
+33679691710
+33662211097
+33681803417
+33769468087
+33676269976
+33781904810
+33662577341
+33673996899
+33622288628
+33645495300
+33617116309
+33650545970
+33784303473
+33643026001
+33613636035
+33641304274
+33615894856
+33630576944
+33651920774
+33646641406
+33768301732
+33699280307
+33767117871
+33771624357
+33650161876
+33682352305
+33621832826
+33676690032
+33781053683
+33669141068
+33778804509
+33666698452
+33673335817
+33681444710
+33642756474
+33670481831
+33613996395
+33784562249
+33670528552
+33676378250
+33770358181
+33753729645
+33764719595
+33762444437
+33620242756
+33698134983
+33652940677
+33684060346
+33617276784
+33617150385
+33788806368
+33678029783
+33688400442
+33658420888
+33614666090
+33765692837
+33643536604
+33610989166
+33687234947
+33633610874
+33758061476
+33646737204
+33685180178
+33656814015
+33613144019
+33675572188
+33636115366
+33778436493
+33658950561
+33670020256
+33645012168
+33650620061
+33628943129
+33665961456
+33613276518
+33663655855
+33676214511
+33783460148
+33680518796
+33755675522
+33673951639
+33618163770
+33768512040
+33679827009
+33781756552
+33668521627
+33683258338
+33686280836
+33784976540
+33620789968
+33632282289
+33660477513
+33611432580
+33631989974
+33649610134
+33611430624
+33771708094
+33644013889
+33651528096
+33783904940
+33668601169
+33663766926
+33619115805
+33663999890
+33612251746
+33662313776
+33661686078
+33767850773
+33758444904
+33666208446
+33622394449
+33619153963
+33668169717
+33669529142
+33785435525
+33642960191
+33686862798
+33771553102
+33612291060
+33638701796
+33683097077
+33660414214
+33663816958
+33682737119
+33613867121
+33632775953
+33668907511
+33762802629
+33629699154
+33626890830
+33678757828
+33641866840
+33612425684
+33674734526
+33623427498
+33643536964
+33663480065
+33682630379
+33771044468
+33656749642
+33787374899
+33627647736
+33620163232
+33680778383
+33661743600
+33626732735
+33662638222
+33611058827
+33626434159
+33766698865
+33660479128
+33768636980
+33613924053
+33684706169
+33768304241
+33682888011
+33673405579
+33687230246
+33784098437
+33684789303
+33621400031
+33685255603
+33663404195
+33617151548
+33686372837
+33787867773
+33669058921
+33665057821
+33761777202
+33688085620
+33766731510
+33641969090
+33678880214
+33630005039
+33660161151
+33766338896
+33699125719
+33788117564
+33666921307
+33769011918
+33623362621
+33768408467
+33649844238
+33676120137
+33643784191
+33614902145
+33663666994
+33666748635
+33753341898
+33624156929
+33623756472
+33623347413
+33614356453
+33666778935
+33762049596
+33613789606
+33631596041
+33688201797
+33763574178
+33633648932
+33642679145
+33757445394
+33782225766
+33650290976
+33641968927
+33685966180
+33636158380
+33687290535
+33661110957
+33677948033
+33612287580
+33768865425
+33679465614
+33661652239
+33675777878
+33619815839
+33784583523
+33695162673
+33680142988
+33659564877
+33658132235
+33615179903
+33625367831
+33699386469
+33767672872
+33661735203
+33772123713
+33695824578
+33625674947
+33658683369
+33667437448
+33669104343
+33768403512
+33661319825
+33626861248
+33780614443
+33670786072
+33624304436
+33635034891
+33662390803
+33638379691
+33782908727
+33641804838
+33632172878
+33699237639
+33617585925
+33766017926
+33638020963
+33749035936
+33699260040
+33615100686
+33629079046
+33668677947
+33768661662
+33682913404
+33680916729
+33671967094
+33777967677
+33651815897
+33752717357
+33760467444
+33769493650
+33767874537
+33679434515
+33660697279
+33620212924
+33750600469
+33642382467
+33767541453
+33781122321
+33623935288
+33783115947
+33766580346
+33627392057
+33674960489
+33750189865
+33632073825
+33619657139
+33781961348
+33624665310
+33641671461
+33640720535
+33613054081
+33632272788
+33620142887
+33777051189
+33658157688
+33610790865
+33645625464
+33638483642
+33680343346
+33782851395
+33614984345
+33782070923
+33633149467
+33623964875
+33626641514
+33781601518
+33630106758
+33644381970
+33621934340
+33620774554
+33627660636
+33673791525
+33628228164
+33630895022
+33676399334
+33681250470
+33784220487
+33675458806
+33625554061
+33652259569
+33769136006
+33666599420
+33638282064
+33632572562
+33646796152
+33674463830
+33787631590
+33664654257
+33684118086
+33642763284
+33785361496
+33781690126
+33629353451
+33674550189
+33786403776
+33652375834
+33650482899
+33641549046
+33631027716
+33763193883
+33627133857
+33695449153
+33672833542
+33783168051
+33610239712
+33781024672
+33648385450
+33620063362
+33661953432
+33676042002
+33783703568
+33640834617
+33668901069
+33783906777
+33777952044
+33753865180
+33635918984
+33659781532
+33750475795
+33762208986
+33682699474
+33783210163
+33661535210
+33615624768
+33614372043
+33778323739
+33633846512
+33668658474
+33649672321
+33668761154
+33677252434
+33781326473
+33651508235
+33610845064
+33631232580
+33650725805
+33785986159
+33643441397
+33627134530
+33663543547
+33646498522
+33681416506
+33698118806
+33686518082
+33631783984
+33648766638
+33662114524
+33648642775
+33631952168
+33650093236
+33668086390
+33646921480
+33642369780
+33769454733
+33661460465
+33625757728
+33618047717
+33788395206
+33683716121
+33663464749
+33677236996
+33769659119
+33754329307
+33667720024
+33695205710
+33688621902
+33664770976
+33698130652
+33753198780
+33652048683
+33781618932
+33770014823
+33685758412
+33634075281
+33780326549
+33616670084
+33662190260
+33660279493
+33663848378
+33665094992
+33648833328
+33658766513
+33685395582
+33626712076
+33613643186
+33629715255
+33669904298
+33699268404
+33646760576
+33686269833
+33678565096
+33618788593
+33631377559
+33650070485
+33617646269
+33642902767
+33683468664
+33660331502
+33610351774
+33772142143
+33661603322
+33786112178
+33661504834
+33666555961
+33762599513
+33628229926
+33769598892
+33661836868
+33769523111
+33629829706
+33646674279
+33755051885
+33673585965
+33667103476
+33779754622
+33772388604
+33635233606
+33610839812
+33749536135
+33673766066
+33642720243
+33675138329
+33618610225
+33622405713
+33610224674
+33651857657
+33671120838
+33652860176
+33622533281
+33680115716
+33677516818
+33643988433
+33786958470
+33699445126
+33675837541
+33762124266
+33652494501
+33683507540
+33672983611
+33774653537
+33698643611
+33618994514
+33781237032
+33784683174
+33635254194
+33695008261
+33638897795
+33766618131
+33635420980
+33674242979
+33613126184
+33665681881
+33784865471
+33677523227
+33616325816
+33764352751
+33650123182
+33764709347
+33670727681
+33652197624
+33777809372
+33611057785
+33621014628
+33675796236
+33686919324
+33667230037
+33695062237
+33613955897
+33615234576
+33620091106
+33749236544
+33643631603
+33689149300
+33675878624
+33617203729
+33656760504
+33618043489
+33768353687
+33667977274
+33778324974
+33620765725
+33630792820
+33768636774
+33778542562
+33695954362
+33626344867
+33781067793
+33660107274
+33767379105
+33768116107
+33634042171
+33641957026
+33767159094
+33683915416
+33767528476
+33660565088
+33635297463
+33642906833
+33651959804
+33619531936
+33770647949
+33782304183
+33783070750
+33670010074
+33644022905
+33623088812
+33686355413
+33652256307
+33622715573
+33667616057
+33664978649
+33651067954
+33661158678
+33625594490
+33615929560
+33627952586
+33780035811
+33612661582
+33647374567
+33660136441
+33770908209
+33670111737
+33668345292
+33610164043
+33766841757
+33633311985
+33659265855
+33621673894
+33673657424
+33688348426
+33641484861
+33662790492
+33666988365
+33686058092
+33670573976
+33618826833
+33663550235
+33788913753
+33633671831
+33645103451
+33680715548
+33613922208
+33616740721
+33767005933
+33678583154
+33664481313
+33659180067
+33630757394
+33614338031
+33619858696
+33640175674
+33768890863
+33663706837
+33777767861
+33658489976
+33678765581
+33610599398
+33782141351
+33664964116
+33672076746
+33626570863
+33769618646
+33622371684
+33638830062
+33783071485
+33633986943
+33689772078
+33664549843
+33667404202
+33670182557
+33677375752
+33652085719
+33613596282
+33665987454
+33761982896
+33698254750
+33683521912
+33671449390
+33648208498
+33780729691
+33628232126
+33687124399
+33622194102
+33766497061
+33643859440
+33758914506
+33621480053
+33788074321
+33677698528
+33695902854
+33631108626
+33611727710
+33643754471
+33758062378
+33676557908
+33767292343
+33780847953
+33615526837
+33761002804
+33610632268
+33668766704
+33662332770
+33636415452
+33672354923
+33661139421
+33786266367
+33674916441
+33624373624
+33761954354
+33652482434
+33665139586
+33786560923
+33672765643
+33612357432
+33687352583
+33645397925
+33643592442
+33658698376
+33767615135
+33664942758
+33787121689
+33683794921
+33624758559
+33679742257
+33672322786
+33768722850
+33687604498
+33647108436
+33648534345
+33681649667
+33647801475
+33669926850
+33618255066
+33786327646
+33689960762
+33689323176
+33649734138
+33683358001
+33636699529
+33787128668
+33637265530
+33637689479
+33652173296
+33668379683
+33786986294
+33753465328
+33786919052
+33687291959
+33781761572
+33687983294
+33612437679
+33685142984
+33769878039
+33699283259
+33628838987
+33766240757
+33616711192
+33624132471
+33661915889
+33763442636
+33633186884
+33766881371
+33666106138
+33623007361
+33689985573
+33626193877
+33768529954
+33664930435
+33615440487
+33686015836
+33768574676
+33687945752
+33616387031
+33676397242
+33633916578
+33617809024
+33645417073
+33785371238
+33666529411
+33768605936
+33630810640
+33626396830
+33788799997
+33769490522
+33667288710
+33659427576
+33766802825
+33749026126
+33698331842
+33614364708
+33677820996
+33680005234
+33664582518
+33687497433
+33749263582
+33671604885
+33622352930
+33681703228
+33782807494
+33652782999
+33781440626
+33684409242
+33673032501
+33618144412
+33688851441
+33663766457
+33613151599
+33662300969
+33629691203
+33768392777
+33650585988
+33781809212
+33673575700
+33770343357
+33613330563
+33782624068
+33685762738
+33783518725
+33661179182
+33612182092
+33643801902
+33675729847
+33771550563
+33769322455
+33782525725
+33618684013
+33679926410
+33626359479
+33674764099
+33750044696
+33666275188
+33663527742
+33768612983
+33666939143
+33635384976
+33698245055
+33750370121
+33768345499
+33633786085
+33626919410
+33699607980
+33625957981
+33781192904
+33787547120
+33646575619
+33782573084
+33650061866
+33677535731
+33650679860
+33663163923
+33637170326
+33649573528
+33632852170
+33624486785
+33665633723
+33645894918
+33649687014
+33749051534
+33677393645
+33629205845
+33624702379
+33783909127
+33698900890
+33625985375
+33769104974
+33679872948
+33652504845
+33614086959
+33678722334
+33661316303
+33641330691
+33751265104
+33781879264
+33676576558
+33670527881
+33769901046
+33769630747
+33658045879
+33783750491
+33621490082
+33636131295
+33619415186
+33632141977
+33616795671
+33635590230
+33665529879
+33666086410
+33675944724
+33658329159
+33616186062
+33768144379
+33646494905
+33683472407
+33781795325
+33751008008
+33614700892
+33611345695
+33778323700
+33619641463
+33641900446
+33625019763
+33674353326
+33758330193
+33613077415
+33621914274
+33659636949
+33686116344
+33649193294
+33664580713
+33628540293
+33767729721
+33672552008
+33755150201
+33673602880
+33613425918
+33652261570
+33628392257
+33652198445
+33665308734
+33667052424
+33679386056
+33762468232
+33615212873
+33650616710
+33628439416
+33787225418
+33663643639
+33627537499
+33613688261
+33647996293
+33633758282
+33625780440
+33660919758
+33661178986
+33614989410
+33610944478
+33658351258
+33752451407
+33767631290
+33765525993
+33682324255
+33625186001
+33665012145
+33766140924
+33669358960
+33622466555
+33766227556
+33630285831
+33771751073
+33610967481
+33673464381
+33667535399
+33780403070
+33671390524
+33618404013
+33616850495
+33618234321
+33678819404
+33676540928
+33669408300
+33783403832
+33757405012
+33769181677
+33644280686
+33658765991
+33681822754
+33618852184
+33768117340
+33665646508
+33667963502
+33638406679
+33785176131
+33760413241
+33621585118
+33669799205
+33611955667
+33615748815
+33637520361
+33782232065
+33766737084
+33646170935
+33618777433
+33750253307
+33683313384
+33769435878
+33788343448
+33673988036
+33769149699
+33672471564
+33660754542
+33686105429
+33750486422
+33686650815
+33617869160
+33643563238
+33758500324
+33629028636
+33669185116
+33652257961
+33666711902
+33767639446
+33667362633
+33637464141
+33675318215
+33769002300
+33744240999
+33652186829
+33646606710
+33631576977
+33672287393
+33767050202
+33640375566
+33651704231
+33782870764
+33763165208
+33622340740
+33670785922
+33627231519
+33766206383
+33658297170
+33611021181
+33649587642
+33635504292
+33616581304
+33695173103
+33663969613
+33666883903
+33671769270
+33629240691
+33676279495
+33769476503
+33623130396
+33749042157
+33610577842
+33758653705
+33626960452
+33614250743
+33660430831
+33658263784
+33623292584
+33617137435
+33788310346
+33676227650
+33623785600
+33620670972
+33766370587
+33669609154
+33699074772
+33675227633
+33781610706
+33689869903
+33789333503
+33788786697
+33640427853
+33650080410
+33624637483
+33620660448
+33620286018
+33619682598
+33627201996
+33625271360
+33640265623
+33660300802
+33658140482
+33788299976
+33788620805
+33783391626
+33682775107
+33767103520
+33677039288
+33662730668
+33661949119
+33681872762
+33763329175
+33613032220
+33641803362
+33781908367
+33781685817
+33620920256
+33770702660
+33635535040
+33669493291
+33677676213
+33668759977
+33673566164
+33616191280
+33686803244
+33616139333
+33699711605
+33782810082
+33676732291
+33669369849
+33621577339
+33668298965
+33633174112
+33644689450
+33771937224
+33633219694
+33685367359
+33621011027
+33755256521
+33625106632
+33685337489
+33620832992
+33766269638
+33626695844
+33769222556
+33634456673
+33627242492
+33652942880
+33621794460
+33671702902
+33761048188
+33666686161
+33630824412
+33777808499
+33629715421
+33652877519
+33631034809
+33781365465
+33619193659
+33659337301
+33777233979
+33634206294
+33626687855
+33618677364
+33699896068
+33649254846
+33659046012
+33626244593
+33679844551
+33678143164
+33681092408
+33675009533
+33677731753
+33758360300
+33650922605
+33766371616
+33683882378
+33769490764
+33623052952
+33643696960
+33636442270
+33661613659
+33628661929
+33687008865
+33749689769
+33777794344
+33766247524
+33613020921
+33650788939
+33688326247
+33651322526
+33635337621
+33668739831
+33626288368
+33761969214
+33783044159
+33667743748
+33610484470
+33650422552
+33784182682
+33647219361
+33626614322
+33617283001
+33771458066
+33651875141
+33689293380
+33615015524
+33678580524
+33672759059
+33623656585
+33682923249
+33634302297
+33684331701
+33652801101
+33745706482
+33659282131
+33785264692
+33673108211
+33766021376
+33627161017
+33621352656
+33632672747
+33753337532
+33671413941
+33642223617
+33626030929
+33658985080
+33622213149
+33659454576
+33615430965
+33767992495
+33626651830
+33768480817
+33662400083
+33613174366
+33664443314
+33751571696
+33622720330
+33612942110
+33666588810
+33682228676
+33625102686
+33680702818
+33635390869
+33646410655
+33618995758
+33761268038
+33646347741
+33677313219
+33632897988
+33640129057
+33640072610
+33658278043
+33661411504
+33681512099
+33765289921
+33786638885
+33762730434
+33642814379
+33610236831
+33622841662
+33751485239
+33748145247
+33680467344
+33786276627
+33766567777
+33782051834
+33751357321
+33675020951
+33663180516
+33659142777
+33679133989
+33646279171
+33614666260
+33650808800
+33785059324
+33686918799
+33664811163
+33659668135
+33632522429
+33643052925
+33651549204
+33624528250
+33768234005
+33760226988
+33621775516
+33622399713
+33782684456
+33672038939
+33687699664
+33680623696
+33652430334
+33659176931
+33650868257
+33768243785
+33661611787
+33673023789
+33661853435
+33643179344
+33650850540
+33777348612
+33683339804
+33769036106
+33674159097
+33670145272
+33766310605
+33676737110
+33758444056
+33683312349
+33682453086
+33680513281
+33617434518
+33645378918
+33777768495
+33767206093
+33632665133
+33699320661
+33684414134
+33682842415
+33780030317
+33698351297
+33667928475
+33666686247
+33695778225
+33675453876
+33615697907
+33784501241
+33670986405
+33615548594
+33641126841
+33684454949
+33758348463
+33665659458
+33668399365
+33670123967
+33624888407
+33662468744
+33681130954
+33659043293
+33682989019
+33683206793
+33617044083
+33671569068
+33757075268
+33622946869
+33638990804
+33661860009
+33614503662
+33652214863
+33619337616
+33652394365
+33614155702
+33620031432
+33768036629
+33616807424
+33632840787
+33636101083
+33627670910
+33761117172
+33612149442
+33615717356
+33648682400
+33676704573
+33678922502
+33699833009
+33783468610
+33761801144
+33771670057
+33678267503
+33612858457
+33768990434
+33687949357
+33659200752
+33618005594
+33682042167
+33622513753
+33622260401
+33620764394
+33695012250
+33618526158
+33612700811
+33698628703
+33617906082
+33669469492
+33630761388
+33628981068
+33762681597
+33619616563
+33680045777
+33681909667
+33612754493
+33786173325
+33627326024
+33784622081
+33770158354
+33782870853
+33670962737
+33782881601
+33632780295
+33612200562
+33642044499
+33646765685
+33610841931
+33677922353
+33650636539
+33616850002
+33646002333
+33785069028
+33780481411
+33638560793
+33682230751
+33789960471
+33771865956
+33672317388
+33783578788
+33652090045
+33650457126
+33665583346
+33615066733
+33615513626
+33648565498
+33680026588
+33698499014
+33777313587
+33767198416
+33619962684
+33750034586
+33685379358
+33621590724
+33656832429
+33636149856
+33646306109
+33683940866
+33633647561
+33698315847
+33610558472
+33651190264
+33674239744
+33686613905
+33780563792
+33637134126
+33682415126
+33699960498
+33671558852
+33625117722
+33667476834
+33677752771
+33622406768
+33627028517
+33750246828
+33683149985
+33783569501
+33684812599
+33769741595
+33681449898
+33684793977
+33619877831
+33640603093
+33665585647
+33762002097
+33669181982
+33758393577
+33661705615
+33788877738
+33680811291
+33627029509
+33769910293
+33677570348
+33695706466
+33751504257
+33750802651
+33667985074
+33643760145
+33649770076
+33755324342
+33665635476
+33769231610
+33785971654
+33695554603
+33689415389
+33641102335
+33644856696
+33678728080
+33681870671
+33788032360
+33646765423
+33619176950
+33768712386
+33619156477
+33650314621
+33698805815
+33662782263
+33671489604
+33651450474
+33651980628
+33656849517
+33675593519
+33650214652
+33785966574
+33618187788
+33640230214
+33619117035
+33766218380
+33767736307
+33764442520
+33633867808
+33660167377
+33769846380
+33787208038
+33770074514
+33768160314
+33663811506
+33646644095
+33788458103
+33616994222
+33669166013
+33781261802
+33681338918
+33626681686
+33615674188
+33620876897
+33651475793
+33679549337
+33786849125
+33663142380
+33619593791
+33695962492
+33671279659
+33783820086
+33628641131
+33767094063
+33610684517
+33786829605
+33613608767
+33628268808
+33695816433
+33627352452
+33626398861
+33658649314
+33766168994
+33619168013
+33689779834
+33663933298
+33683987930
+33612076483
+33671527685
+33674031093
+33625711658
+33763421196
+33681873023
+33786747315
+33623476261
+33687347360
+33628562083
+33636376791
+33663613616
+33638824602
+33671649646
+33672086739
+33613252947
+33659333928
+33661689728
+33767753249
+33761250350
+33650596770
+33766268928
+33783485226
+33660782071
+33680255846
+33617584766
+33698540850
+33616422813
+33647942060
+33678457033
+33631542791
+33648180439
+33644353928
+33781796862
+33614055420
+33689338907
+33748106399
+33749803471
+33753100815
+33664250465
+33648566744
+33632019839
+33667494126
+33623165748
+33698296233
+33684490910
+33663479365
+33682496830
+33770313947
+33626791892
+33753301069
+33628193331
+33652270145
+33751598143
+33684174212
+33687976252
+33681387573
+33646552189
+33781260759
+33671761790
+33669529359
+33615937604
+33619361277
+33769979463
+33615818628
+33634294599
+33783877709
+33662861610
+33685549273
+33770505026
+33617326943
+33664627561
+33684058216
+33659020014
+33679974913
+33679251481
+33695546570
+33698460994
+33638541308
+33662029840
+33652293208
+33768065956
+33680460795
+33782967301
+33664659745
+33664923353
+33682474397
+33749431291
+33753245240
+33681680494
+33678639308
+33622436699
+33612434142
+33689563884
+33673969825
+33699357622
+33686433800
+33644050293
+33687557680
+33681070995
+33651696066
+33686608355
+33767295126
+33637306029
+33652691116
+33633320658
+33647469588
+33761685718
+33634968781
+33668931642
+33628915873
+33636061362
+33662342768
+33646129014
+33745124621
+33699018851
+33645837753
+33628582794
+33688992803
+33789227364
+33787588091
+33632971050
+33658487803
+33699769633
+33662917524
+33767264564
+33766897963
+33643823699
+33658624545
+33789394530
+33750981526
+33622148711
+33611361644
+33783672699
+33678385370
+33760466873
+33768923537
+33782369513
+33622074684
+33768993563
+33651842062
+33784991099
+33787014288
+33614197829
+33670217699
+33611074977
+33650499042
+33674737746
+33753703487
+33641013316
+33635180735
+33749252808
+33673336120
+33635187442
+33667494455
+33613436265
+33685613140
+33615675077
+33626457956
+33665750358
+33766479388
+33685323445
+33617121094
+33640495285
+33670639748
+33662799349
+33768738752
+33770487807
+33612768248
+33671273501
+33638780339
+33782463205
+33627137749
+33679186403
+33687732094
+33618485883
+33615433310
+33781756875
+33616469750
+33644783854
+33630639281
+33668658922
+33672107979
+33633215922
+33622623355
+33768890916
+33659046025
+33780376399
+33627330539
+33674753638
+33622949654
+33685037981
+33650589295
+33612140821
+33658546960
+33633249513
+33687345061
+33619373617
+33683025552
+33784314245
+33634465219
+33675517078
+33698362447
+33644298762
+33768404518
+33637750345
+33678687306
+33765196713
+33679930424
+33664122133
+33749526719
+33623077740
+33661704827
+33780846954
+33623814278
+33671824551
+33630753725
+33767583849
+33617078602
+33628585976
+33771039304
+33667284263
+33673014619
+33687100561
+33638386420
+33631604482
+33749239799
+33786868408
+33677660292
+33766599441
+33681026863
+33680148853
+33660722375
+33674665030
+33664214915
+33698420857
+33629684131
+33632439265
+33673659248
+33698431728
+33762988065
+33762808728
+33666592228
+33684645557
+33610219136
+33651223445
+33769219099
+33633717054
+33769837727
+33621480265
+33782164105
+33619617728
+33616368546
+33614310493
+33633923471
+33669364115
+33684613518
+33767613710
+33628604476
+33682959541
+33628970750
+33631882175
+33673327463
+33666892215
+33766721400
+33659520514
+33753909964
+33769002473
+33665944188
+33615316179
+33652016102
+33663953318
+33632727822
+33627204766
+33640435848
+33687104597
+33652606856
+33760876739
+33649850233
+33663593590
+33614635135
+33635942824
+33770739154
+33652115216
+33637563670
+33680459988
+33659892929
+33749621876
+33630155732
+33646817682
+33689988933
+33749735312
+33678423750
+33677989571
+33699760470
+33613287418
+33768349035
+33628570241
+33651127583
+33624187858
+33779801653
+33632353843
+33658569826
+33649730018
+33663110850
+33649231533
+33758415038
+33678486767
+33610127119
+33643320332
+33647311692
+33685551211
+33670060113
+33680136064
+33682606445
+33610866524
+33662337594
+33783377548
+33666459267
+33671976989
+33781371312
+33623782833
+33768550446
+33624181458
+33633717391
+33767703801
+33766314790
+33632968567
+33617275786
+33666140198
+33628639028
+33680631702
+33761412675
+33768115579
+33620813216
+33776368929
+33689498457
+33769493304
+33631593760
+33647289628
+33681809527
+33670348426
+33662831065
+33772326603
+33652776390
+33682656013
+33668481477
+33642695629
+33766101600
+33658196340
+33760227259
+33634587559
+33682924735
+33672485439
+33646184978
+33768916379
+33662606110
+33636128766
+33672868671
+33683207276
+33668176962
+33611656119
+33633736352
+33786039952
+33614960348
+33681664599
+33642513210
+33611721210
+33636137157
+33635961607
+33645698744
+33676589767
+33783384648
+33776691728
+33698972407
+33698725296
+33769806938
+33664426890
+33660057097
+33663633474
+33624401468
+33760213517
+33760107462
+33682012842
+33681023817
+33618308756
+33663116450
+33642902476
+33679913035
+33622658205
+33772021513
+33783408270
+33614316858
+33785435628
+33783322097
+33612102998
+33634988434
+33648900509
+33659326900
+33677285861
+33644097345
+33612996630
+33660863340
+33666688118
+33618759404
+33665656102
+33612846486
+33665518851
+33673965954
+33663278893
+33749985296
+33637813495
+33650668044
+33787487274
+33649052019
+33676890536
+33677603891
+33670795737
+33651167218
+33663045226
+33669638478
+33685934946
+33641128672
+33769574913
+33787878854
+33686276580
+33783817387
+33633827560
+33618525812
+33666055896
+33777842701
+33681074409
+33749203610
+33686692173
+33611635580
+33621775474
+33617118889
+33620503569
+33750226302
+33659224779
+33695157159
+33681352658
+33646292827
+33611606765
+33622187156
+33782858657
+33631729956
+33621150242
+33641343204
+33662472489
+33651360983
+33613243553
+33767327934
+33638041054
+33627651410
+33671516099
+33781112346
+33781737820
+33659878557
+33784757001
+33652850144
+33767860036
+33625675254
+33789270437
+33685693146
+33627482866
+33780540492
+33612697514
+33621575694
+33645935780
+33782003552
+33668151976
+33614086029
+33630369391
+33647921975
+33763417495
+33618016495
+33766774811
+33633215351
+33781199287
+33648166382
+33619242794
+33649237346
+33688402469
+33622755447
+33610828418
+33771940976
+33750583147
+33770476348
+33758887968
+33689758435
+33626670772
+33766829582
+33612952214
+33658758693
+33769569494
+33756496403
+33640568032
+33665434915
+33784852071
+33617017444
+33644920277
+33766620729
+33647851282
+33782716679
+33769903431
+33659560132
+33627420408
+33624261914
+33783173098
+33784629090
+33615492730
+33698510949
+33672375752
+33612809886
+33612632295
+33636102384
+33771691874
+33651305842
+33777147570
+33651333196
+33767686065
+33698333198
+33699617472
+33775266014
+33623812278
+33753701397
+33695768502
+33632775232
+33698289605
+33685579598
+33686450755
+33689066665
+33780031533
+33624500428
+33651371562
+33635307174
+33673458408
+33612053870
+33620994520
+33628371754
+33620846592
+33649454265
+33695563487
+33648656230
+33669114049
+33650343091
+33624034812
+33625746250
+33645896306
+33695526882
+33661028214
+33630104245
+33615833006
+33658914433
+33666250642
+33681406453
+33632339498
+33650107176
+33629577820
+33695457273
+33753517419
+33642403669
+33661091341
+33780778191
+33669673871
+33745733206
+33642115905
+33625993416
+33649712050
+33689352408
+33758088770
+33665339069
+33650683759
+33662480489
+33695643625
+33613880896
+33680780160
+33626931616
+33686446032
+33681688476
+33678951486
+33646296970
+33628678441
+33768344990
+33624991588
+33635277493
+33695661756
+33616593809
+33624758796
+33632829272
+33699449162
+33678078577
+33669569646
+33615921927
+33614510685
+33641983133
+33616681864
+33767613205
+33642450643
+33646222821
+33663942982
+33788800313
+33761407333
+33771652219
+33627630088
+33686672939
+33771664719
+33615113635
+33768740872
+33682980810
+33777918289
+33631112436
+33638426055
+33620425915
+33768222830
+33669668208
+33663636805
+33670373630
+33761727956
+33672813431
+33743017551
+33632218841
+33698563936
+33624910969
+33675176493
+33663106067
+33649318146
+33689218072
+33754844445
+33662425466
+33679685088
+33646000810
+33649104584
+33687210592
+33651820589
+33627923557
+33682151932
+33763994257
+33627326478
+33627842198
+33682454606
+33770226023
+33661881297
+33783513157
+33623929316
+33750048886
+33623874037
+33616443504
+33753435581
+33661922507
+33626325291
+33631834314
+33613914757
+33751851726
+33638560186
+33659106138
+33781579212
+33675983096
+33646176304
+33769572734
+33612169693
+33684706332
+33687724347
+33769403030
+33758020295
+33698002250
+33695861396
+33621194669
+33616578628
+33627002717
+33769026580
+33644796179
+33762361163
+33610573526
+33684511398
+33784087995
+33753352819
+33672700937
+33763702777
+33623923933
+33660100378
+33664979911
+33640297702
+33672543827
+33646187247
+33630917758
+33614578671
+33781163828
+33685361350
+33638372754
+33649384529
+33685131044
+33752578345
+33610649126
+33634076554
+33695137216
+33619037070
+33752760518
+33756949121
+33786820529
+33663151920
+33682842169
+33624885925
+33668414093
+33768711508
+33650748735
+33643148360
+33764265103
+33627152635
+33647296928
+33632602026
+33650610670
+33674496227
+33749711967
+33789220190
+33633802078
+33680788279
+33631331036
+33769135809
+33745704520
+33646272755
+33645016779
+33642815572
+33635330370
+33787068180
+33644352941
+33626540028
+33673428938
+33782758445
+33617965913
+33670572214
+33641107745
+33622694927
+33663496834
+33628535530
+33622443952
+33768056106
+33695888817
+33685738254
+33651463405
+33667992277
+33684753506
+33783260894
+33643358413
+33611088169
+33667083346
+33650011055
+33687747548
+33683112559
+33674774738
+33672127848
+33760755382
+33670402838
+33662658706
+33685359825
+33616044652
+33781986670
+33667916620
+33668456744
+33695698659
+33613531894
+33678428843
+33666544910
+33650237677
+33769999145
+33656860210
+33632710723
+33650034168
+33626127529
+33761832544
+33769461312
+33662597638
+33768473593
+33671225031
+33672060530
+33659334215
+33753493081
+33641580510
+33781385021
+33681443820
+33627567011
+33661640479
+33632796480
+33641860902
+33660405574
+33689188429
+33624972187
+33769176812
+33623851732
+33628022019
+33783934094
+33647534965
+33625686977
+33784824213
+33683967076
+33745565730
+33766803215
+33678239759
+33652195426
+33682692608
+33777732716
+33666997530
+33673995996
+33771206025
+33652903816
+33646267311
+33668642922
+33751550707
+33778184855
+33620486834
+33699834701
+33635246491
+33650155216
+33616041968
+33645226206
+33777386495
+33760196131
+33686322154
+33623664420
+33674017215
+33635148863
+33771763735
+33766739680
+33678210549
+33771945332
+33698076006
+33785066889
+33678044941
+33662865464
+33620268205
+33689123919
+33631090186
+33610849954
+33664748146
+33783990475
+33644826946
+33760402637
+33664818658
+33771893506
+33662846570
+33663115478
+33671613718
+33780316897
+33677972067
+33661658664
+33786818546
+33659999167
+33634649022
+33671693448
+33633989160
+33769887465
+33658677194
+33633379775
+33647872612
+33658047248
+33682785917
+33699582926
+33753011417
+33663463351
+33662986554
+33679544510
+33662863949
+33679634020
+33658015024
+33621621948
+33615409670
+33689445612
+33652513590
+33652556101
+33686499592
+33650576918
+33610470106
+33678495470
+33783748401
+33650401809
+33625120773
+33613470160
+33668587830
+33620122013
+33780376843
+33755194264
+33667332664
+33698268901
+33663880187
+33668111570
+33672016141
+33652863094
+33695574424
+33658055385
+33613570445
+33787459939
+33782919720
+33623780255
+33687749553
+33684191979
+33672071047
+33663245765
+33680209327
+33641973453
+33685063027
+33625606312
+33618440635
+33624642771
+33676128011
+33667308389
+33648642616
+33643473823
+33667777446
+33633489570
+33675889701
+33784148942
+33675317963
+33616056556
+33649952862
+33638417528
+33769602347
+33787246698
+33685734932
+33773279837
+33767679076
+33662940054
+33611582387
+33611886940
+33675489102
+33629023053
+33627994730
+33620805694
+33646376660
+33669566925
+33678533652
+33610683791
+33769040606
+33672356340
+33664664188
+33613975844
+33649552816
+33663079023
+33660325676
+33622342665
+33781007531
+33614274142
+33778528522
+33776147596
+33785626611
+33618877868
+33788438424
+33629301027
+33619750629
+33640374709
+33771748071
+33658533850
+33668696590
+33652284084
+33772085014
+33665737638
+33624508619
+33610905060
+33610280103
+33771070540
+33623828233
+33762603413
+33695052704
+33613660044
+33684378455
+33667064590
+33646398054
+33660752876
+33641573223
+33662413394
+33677826721
+33783639699
+33762145781
+33673497407
+33675542689
+33621178642
+33777231279
+33689019955
+33661527299
+33623493711
+33631418350
+33768771061
+33659185116
+33643058053
+33614466394
+33661602156
+33651333391
+33668930159
+33672384532
+33677356749
+33624377089
+33749139619
+33668857722
+33645464548
+33671306534
+33635126979
+33672407278
+33663018668
+33767958877
+33784944925
+33671995202
+33612428047
+33676691722
+33647190154
+33612384827
+33751143264
+33631868758
+33681000648
+33687404119
+33688031159
+33768407250
+33783462907
+33751529606
+33630577412
+33783546138
+33679810095
+33758933940
+33769242272
+33673091713
+33749232520
+33772106502
+33627261944
+33683540930
+33677717183
+33646076106
+33668456884
+33758679284
+33641442344
+33682049697
+33614094355
+33623802015
+33642634467
+33780444990
+33616190313
+33646590809
+33767427729
+33617462237
+33626744817
+33644945431
+33689727764
+33784507281
+33645933686
+33684360579
+33658414660
+33663123212
+33749567167
+33769551889
+33613995124
+33769198185
+33788197264
+33776713017
+33784854270
+33767789164
+33665016717
+33650708462
+33783678216
+33786189059
+33627872639
+33666392022
+33771800506
+33640648033
+33635321797
+33783865905
+33612521407
+33786309516
+33780560345
+33610745871
+33761981549
+33659181137
+33668644977
+33677184185
+33782346252
+33685746012
+33755858694
+33675813376
+33652523442
+33659466460
+33625855521
+33695190864
+33689795828
+33646801112
+33633314116
+33749497428
+33651111416
+33686631499
+33659773110
+33637322657
+33626942378
+33670375844
+33767897031
+33786353952
+33670387787
+33617735864
+33626657550
+33616161466
+33674060072
+33769446848
+33760588206
+33688583219
+33781553139
+33676960512
+33612445401
+33786701566
+33651166739
+33767363135
+33671244388
+33787010905
+33698770088
+33669516869
+33651576384
+33613616732
+33625416985
+33689772943
+33665654235
+33626613717
+33615761709
+33674143572
+33669705776
+33643426241
+33786953399
+33674175018
+33767375387
+33616962805
+33684081911
+33646850525
+33685719404
+33687049753
+33613731319
+33613661516
+33610085811
+33666693704
+33661913010
+33781128714
+33624521036
+33689421505
+33659784435
+33629385925
+33667967771
+33646362967
+33642519098
+33768987403
+33667473919
+33749920870
+33689321456
+33651451663
+33626365890
+33769884720
+33610567431
+33649481628
+33686479298
+33619724411
+33666987842
+33626611153
+33674686244
+33628355473
+33749847581
+33698351714
+33767082892
+33671356136
+33783731567
+33758229242
+33699505691
+33616742656
+33788024272
+33670764333
+33681753227
+33646284170
+33664638620
+33749610166
+33769722818
+33688086323
+33647820764
+33664881511
+33622756380
+33776913086
+33632677747
+33785058646
+33650226675
+33624944703
+33764173748
+33663332308
+33663828400
+33686912830
+33647833964
+33675533069
+33695113301
+33610491211
+33766592089
+33636962388
+33621929276
+33666692675
+33630203079
+33781713931
+33640660650
+33672976329
+33745294743
+33623553426
+33763083166
+33682761054
+33778269281
+33652497881
+33777775701
+33634873467
+33681038214
+33623686865
+33631311649
+33753185391
+33767339884
+33645804175
+33772662182
+33625468944
+33660587502
+33762275075
+33611562461
+33676830226
+33680044741
+33668905991
+33766245408
+33610864069
+33782321141
+33638139071
+33637982879
+33634570187
+33672226280
+33750463774
+33784644412
+33679062476
+33750247911
+33642668073
+33661252287
+33680756435
+33683278927
+33783853662
+33613623775
+33665330778
+33617468694
+33646462972
+33781542071
+33772722913
+33670842396
+33626120284
+33682251622
+33766382420
+33675793165
+33695169943
+33642740719
+33786624811
+33768286338
+33660205250
+33627942814
+33682035962
+33646207422
+33780513676
+33783723869
+33688713566
+33637344699
+33695024338
+33753411644
+33673362430
+33610337425
+33656877946
+33674722637
+33785711920
+33625994344
+33688090338
+33629309176
+33649801471
+33610804027
+33646809678
+33624341623
+33784271435
+33626696685
+33769179896
+33616472915
+33695465517
+33628752327
+33769958983
+33679408752
+33786637439
+33643463113
+33641024773
+33651127591
+33621524351
+33616293645
+33617778623
+33617951790
+33621074733
+33652473503
+33627323527
+33764835617
+33666408559
+33621554424
+33641939021
+33623133137
+33644091720
+33614678528
+33675321147
+33640539104
+33666873475
+33681847220
+33630853229
+33764877862
+33645646486
+33618046409
+33670345285
+33764852434
+33630265925
+33644820961
+33636221771
+33677131894
+33626321832
+33768120001
+33622987539
+33681361574
+33751523622
+33668557562
+33761667389
+33684614597
+33631710357
+33659552271
+33678681797
+33620720205
+33784807866
+33783444520
+33646457127
+33644715314
+33749953353
+33681948682
+33630788904
+33610805750
+33620087560
+33674312581
+33780049841
+33674593037
+33680864201
+33672932890
+33767390470
+33660563791
+33695303472
+33624845491
+33625853005
+33642507123
+33641063593
+33621228415
+33760978074
+33610996525
+33643873366
+33660529898
+33788586490
+33753839320
+33650875209
+33666591091
+33661599932
+33677460914
+33616465305
+33612662952
+33766236112
+33650212253
+33783363579
+33632406658
+33621229668
+33781068765
+33662485805
+33663019714
+33675038091
+33695095332
+33613078567
+33689693876
+33675448913
+33679160402
+33755142288
+33676280892
+33643402132
+33635717635
+33658191843
+33769576633
+33659836182
+33632986049
+33634478084
+33784749825
+33619881933
+33621078650
+33624290309
+33641917679
+33618564587
+33612090296
+33684039830
+33666683320
+33661762981
+33699422542
+33640586342
+33648948625
+33638926779
+33695692658
+33632846997
+33619995979
+33681317656
+33641930009
+33650137941
+33625608942
+33783284728
+33633827539
+33617110263
+33662507481
+33686784488
+33671124179
+33626701069
+33610339736
+33610649635
+33658935504
+33632741440
+33647771476
+33646357945
+33625097682
+33616250540
+33640366614
+33662569906
+33753519454
+33612393126
+33647849033
+33767128822
+33673128293
+33650856767
+33673455207
+33613132819
+33659772675
+33650839338
+33678011911
+33624368599
+33622527117
+33636442949
+33610313976
+33631959959
+33781448719
+33769637780
+33782117427
+33633812410
+33662267408
+33610712099
+33615980567
+33758288543
+33768147367
+33624934649
+33674684341
+33647995697
+33650868858
+33750934671
+33613383612
+33672725159
+33698322859
+33769053550
+33644714434
+33686695018
+33661384631
+33698332247
+33769924748
+33620621755
+33618656520
+33668113943
+33663538365
+33646823262
+33678306629
+33660940643
+33781116653
+33761549025
+33626574521
+33681042367
+33666103736
+33662993370
+33758887171
+33613566133
+33766177846
+33642688324
+33783389555
+33762047472
+33689049461
+33681885304
+33645558841
+33661343419
+33633845875
+33625875885
+33615481052
+33668720542
+33771597559
+33685047837
+33749270303
+33786712898
+33682507984
+33698794124
+33771680860
+33618980318
+33675038403
+33611963576
+33622347264
+33789354593
+33620614239
+33672363553
+33760572896
+33665567776
+33779269214
+33687988127
+33612473303
+33641935563
+33636188509
+33652721909
+33659609277
+33780684844
+33668544830
+33686467636
+33672040042
+33631706700
+33617305094
+33630300322
+33645010504
+33755821964
+33661084975
+33677987646
+33665703018
+33789648998
+33624703399
+33612866786
+33673285939
+33687467795
+33664125298
+33683804356
+33643167405
+33617430377
+33677425190
+33772379643
+33662421078
+33625258379
+33681723363
+33660978859
+33633210931
+33611660054
+33680353903
+33760056359
+33767098142
+33667711587
+33632954205
+33629415864
+33622515680
+33698995542
+33667947039
+33670009125
+33673502989
+33788947724
+33755208214
+33781426079
+33676413894
+33662251401
+33771190860
+33680036064
+33767499913
+33618874139
+33644969551
+33632496843
+33768575942
+33672134288
+33652240281
+33665108881
+33652047749
+33673720884
+33650118032
+33615639860
+33610811314
+33625868722
+33667886138
+33695892998
+33782997215
+33630596749
+33668047213
+33664504998
+33675831090
+33682293132
+33651039662
+33624205680
+33699852802
+33678126637
+33765733428
+33650739177
+33744872076
+33695700417
+33667578219
+33667992305
+33637266846
+33631734550
+33630090022
+33671077346
+33637446690
+33682240244
+33631535005
+33751014424
+33683493162
+33676126577
+33683902990
+33617979650
+33762185026
+33617399832
+33675505078
+33679636740
+33649630709
+33611350511
+33646621329
+33634013392
+33698514156
+33662575082
+33774611683
+33679234944
+33615773615
+33647494826
+33779345763
+33749524106
+33661568837
+33646343020
+33760802078
+33695211206
+33779322382
+33623681692
+33621184868
+33761852507
+33637833206
+33777054805
+33670731304
+33651826813
+33689597909
+33614019530
+33789471569
+33687005892
+33787349121
+33614801612
+33637687880
+33635354826
+33680923561
+33753187294
+33784830507
+33770679502
+33783772803
+33767255236
+33682513750
+33689748803
+33684566144
+33611995026
+33618619243
+33749845882
+33687147149
+33641586871
+33637884317
+33753190318
+33618516284
+33750617564
+33610554475
+33786847213
+33627793535
+33686211963
+33695538550
+33782019143
+33750920589
+33779913013
+33678160140
+33648023343
+33782065220
+33749002138
+33783475082
+33663714542
+33623067551
+33630268240
+33651052636
+33659444485
+33778128326
+33783494574
+33679684598
+33689403714
+33651959258
+33667334651
+33789449278
+33750307867
+33625491833
+33652307700
+33637326715
+33772063701
+33787034392
+33641523039
+33669544054
+33651197238
+33676076684
+33634988404
+33677004534
+33784853615
+33661898995
+33613421681
+33632889331
+33658332565
+33615643584
+33637918969
+33635448020
+33777789892
+33634901841
+33766450830
+33688052243
+33699984690
+33667777018
+33680994267
+33673275034
+33687209521
+33635465648
+33623479362
+33621712141
+33667355525
+33786771088
+33752023496
+33623310220
+33613563612
+33618857461
+33659817213
+33637013677
+33674841734
+33671453117
+33646880161
+33614723808
+33767312317
+33623233417
+33753073677
+33613196149
+33762355244
+33760946239
+33682680704
+33698475930
+33620018388
+33652393281
+33688107833
+33669156896
+33681842938
+33769132477
+33619815559
+33681023871
+33643657124
+33636100883
+33783312129
+33686365215
+33688315565
+33660870011
+33641148397
+33625994677
+33781836525
+33614347620
+33622263021
+33648026756
+33670736205
+33743018245
+33668044622
+33675854149
+33763730898
+33781538401
+33659303606
+33658041435
+33781704430
+33624798341
+33770519855
+33631627603
+33658975361
+33649449309
+33672853613
+33665530396
+33643254565
+33622165768
+33661623951
+33679267377
+33622990358
+33698094763
+33617163660
+33626084129
+33617868112
+33618139498
+33642397091
+33765755762
+33661375208
+33670151218
+33787541059
+33684057887
+33677271701
+33650023954
+33675328923
+33620608272
+33666916959
+33673232962
+33643151040
+33766730294
+33632344153
+33750911361
+33781315039
+33643577348
+33769286277
+33785092523
+33638130442
+33626648703
+33662361308
+33650618519
+33749172577
+33610500311
+33681449244
+33673985237
+33699033131
+33669075436
+33646870579
+33665778482
+33621291974
+33642702988
+33666295171
+33685818146
+33612208931
+33650892661
+33677009798
+33636917854
+33651674807
+33665213609
+33753757613
+33683301451
+33634294916
+33630353715
+33778559851
+33616804090
+33668891652
+33676356601
+33613724890
+33624756457
+33687354067
+33664813233
+33660280926
+33699421672
+33669750971
+33670969771
+33678405315
+33647403433
+33625935549
+33664963603
+33667536032
+33672615311
+33680862521
+33623069576
+33663282988
+33689125177
+33673427557
+33646640528
+33768334212
+33645103143
+33618791320
+33658115205
+33610942640
+33787111077
+33776064595
+33635433831
+33611846082
+33610692245
+33768876497
+33689247429
+33758245409
+33782065656
+33645345654
+33651819893
+33613490164
+33659610628
+33750294491
+33614487190
+33753359525
+33667142913
+33620765885
+33749351276
+33699584420
+33675658053
+33786619214
+33646432132
+33668922943
+33750304847
+33787427371
+33610184952
+33640488158
+33641290188
+33615696972
+33623521142
+33633089217
+33645863163
+33630284490
+33698099152
+33616078347
+33658921927
+33771006318
+33686076228
+33786548241
+33745376235
+33753564397
+33678553842
+33658075939
+33669984816
+33763462338
+33620585858
+33777837588
+33749469459
+33780073679
+33667550213
+33760060117
+33610653936
+33613832782
+33664843785
+33612465204
+33640433674
+33615360919
+33674748633
+33688295008
+33637024567
+33753268995
+33689477379
+33768762105
+33778057426
+33662107302
+33760265919
+33668607695
+33646090900
+33630809138
+33610895362
+33626798531
+33662127104
+33637694085
+33667688010
+33614839356
+33758756180
+33650595232
+33762270111
+33670747011
+33755337073
+33769778036
+33663417144
+33621167111
+33669193019
+33626889175
+33684045740
+33650767394
+33778439269
+33684488355
+33781745846
+33647952140
+33645439659
+33779841834
+33788130069
+33652164521
+33633924748
+33649240219
+33786112587
+33664856038
+33754586076
+33784062423
+33677228807
+33623262683
+33782343638
+33780576008
+33631748485
+33663639274
+33664115429
+33783132359
+33649719205
+33783011655
+33643209372
+33617010896
+33630822428
+33781106214
+33786156012
+33658890377
+33614118636
+33750411547
+33781228280
+33782339964
+33778342546
+33778021128
+33688690053
+33663831277
+33761773122
+33628400326
+33616667628